0 0.366871 0.369477 0.362822 0.394286 0.365900 0.441115 0.364840 0.471533 0.369860 0.510105 0.372937 0.526690 0.377995 0.534983 0.383052 0.543240 0.394125 0.565157 0.403321 0.576307 0.416475 0.581882 0.425543 0.576307 0.431545 0.562718 0.438659 0.537735 0.442708 0.512892 0.443716 0.493589 0.443716 0.466028 0.441686 0.443937 0.433602 0.432892 0.426526 0.413589 0.420460 0.408084 0.410345 0.408084 0.399221 0.408084 0.391137 0.402578 0.377995 0.399791 0.377995 0.386028
0 0.324406 0.347387 0.328442 0.352927 0.334508 0.352927 0.340575 0.363937 0.342605 0.374983 0.343614 0.386028 0.341596 0.402578 0.339566 0.408084 0.332490 0.408084 0.331481 0.405331 0.327433 0.394286 0.327433 0.380488 0.324406 0.366690
0 0.248966 0.338258 0.252478 0.342091 0.254585 0.344007 0.258097 0.351672 0.258799 0.372718 0.258799 0.374634 0.258799 0.376551 0.253180 0.376551 0.249668 0.376551 0.246156 0.366969 0.246156 0.347840
0 0.353729 0.358432 0.359796 0.363937 0.359796 0.388780 0.359796 0.399791 0.354738 0.402578 0.350690 0.402578 0.348672 0.380488 0.348672 0.372230
0 0.305185 0.350139 0.311252 0.352927 0.315300 0.372230 0.318340 0.391533 0.317318 0.405331 0.312273 0.410836 0.310243 0.410836 0.307216 0.408084 0.306207 0.397038 0.302158 0.372230
0 0.142401 0.432927 0.139361 0.441185 0.133295 0.449477 0.129259 0.452230 0.126220 0.463240 0.123193 0.499129 0.124202 0.521185 0.130268 0.532230 0.137344 0.543240 0.144419 0.554286 0.147458 0.554286 0.148467 0.554286 0.151494 0.534983 0.153525 0.512892 0.156552 0.499129 0.156552 0.482578 0.156552 0.468780 0.151469 0.449477 0.147382 0.449477
0 0.065837 0.314669 0.068646 0.322334 0.070754 0.324390 0.072158 0.341498 0.072158 0.356829 0.072158 0.368328 0.070051 0.377909 0.065134 0.381742 0.063729 0.381742 0.063729 0.374077 0.063729 0.362578 0.063729 0.347247 0.063729 0.333833 0.063729 0.322334
0 0.046181 0.330000 0.044074 0.337666 0.041264 0.345331 0.040562 0.347247 0.039157 0.356829 0.037752 0.364495 0.039860 0.374077 0.041264 0.377909 0.043372 0.383659 0.045479 0.383659 0.046181 0.381742 0.047586 0.366411 0.047586 0.354913 0.047586 0.345331 0.048289 0.335749
0 0.215402 0.360662 0.219617 0.364495 0.224534 0.374077 0.227344 0.383659 0.228046 0.391324 0.228046 0.400906 0.228046 0.416202 0.227344 0.425784 0.226641 0.427700 0.223831 0.418118 0.223129 0.406620 0.221022 0.395157 0.220319 0.387491 0.219617 0.381742 0.217510 0.375993 0.216105 0.366411
0 0.114291 0.343415 0.114291 0.352997 0.112886 0.364495 0.110779 0.366411 0.109374 0.368328 0.109374 0.375993 0.110779 0.385575 0.113589 0.393240 0.117101 0.398990 0.117803 0.404704 0.118506 0.393240 0.118506 0.377909 0.118506 0.368328 0.118506 0.354913 0.117101 0.339582
