0 0.782401 0.297073 0.778889 0.297073 0.773972 0.304739 0.773269 0.314286 0.771877 0.339199 0.768365 0.346864 0.766960 0.352613 0.773269 0.354530 0.778161 0.333449 0.783142 0.321951 0.785211 0.308571
0 0.871584 0.341115 0.868072 0.350697 0.862452 0.358362 0.862452 0.371777 0.865262 0.381359 0.868072 0.381359 0.872286 0.373693 0.874393 0.362195 0.875798 0.352613 0.875798 0.346864
0 0.992350 0.344948 0.997969 0.350697 0.999374 0.366028 0.999374 0.373693 0.997267 0.390941 0.996564 0.392857 0.993052 0.394774 0.991648 0.390941 0.991648 0.369861 0.991648 0.354530
0 0.328799 0.406237 0.325287 0.404321 0.321775 0.417735 0.323180 0.434983 0.324585 0.436899 0.328799 0.434983 0.330204 0.429233 0.330204 0.421568
0 0.263499 0.373693 0.269119 0.377526 0.271928 0.398606 0.271928 0.415819 0.270524 0.425401 0.269119 0.436899 0.268416 0.436899 0.268416 0.417735 0.268416 0.413902 0.267011 0.404321 0.267011 0.398606 0.266309 0.389024 0.264904 0.379443
0 0.296501 0.381359 0.298608 0.385192 0.301418 0.394774 0.302822 0.402439 0.302822 0.411986 0.302822 0.421568 0.301418 0.429233 0.300715 0.433066 0.300715 0.433066 0.299310 0.425401 0.299310 0.415819 0.298608 0.408153 0.297905 0.398606 0.296501 0.392857
0 0.280358 0.371777 0.278250 0.377526 0.276845 0.400523 0.276845 0.406237 0.278953 0.421568 0.283167 0.436899 0.284572 0.431150 0.284572 0.417735 0.284572 0.410070 0.284572 0.400523 0.284572 0.389024 0.283167 0.373693
0 0.244049 0.380383 0.240536 0.384216 0.239132 0.391882 0.237024 0.409129 0.239847 0.424390 0.239080 0.426481 0.241941 0.432125 0.243346 0.426376 0.244049 0.414878 0.246156 0.397631 0.246858 0.393798
0 0.360664 0.469512 0.358135 0.478711 0.357292 0.499408 0.358135 0.520070 0.363193 0.529268 0.368250 0.531568 0.369093 0.520070 0.369093 0.504007 0.368250 0.497108 0.367407 0.487909 0.365722 0.476411
0 0.467676 0.290209 0.471890 0.290209 0.475262 0.304007 0.476105 0.313206 0.476105 0.322369 0.476105 0.324669 0.469361 0.320070 0.466833 0.317770 0.465990 0.299408
0 0.905837 0.451115 0.900779 0.462613 0.897407 0.471812 0.891507 0.478711 0.883921 0.481010 0.872963 0.485610 0.867075 0.497108 0.866232 0.524669 0.868761 0.540767 0.873806 0.552265 0.880549 0.561463 0.883921 0.561463 0.885607 0.545366 0.887292 0.526969 0.889821 0.520070 0.894879 0.513171 0.898250 0.510871 0.899936 0.506272 0.904151 0.492509 0.906679 0.481010 0.907510 0.467213 0.908352 0.462613
0 0.499361 0.277317 0.505262 0.277317 0.509476 0.277317 0.510319 0.281916 0.506105 0.291115 0.499361 0.298014 0.496833 0.302613 0.496833 0.281916
0 0.979732 0.424460 0.969706 0.429059 0.966335 0.435958 0.960434 0.452021 0.956973 0.463519 0.954534 0.477317 0.952759 0.498014 0.956973 0.516411 0.962120 0.525610 0.968020 0.530209 0.973065 0.521010 0.984023 0.521010 0.988238 0.523310 0.997510 0.518711 0.999949 0.465819 0.999949 0.442857 0.995824 0.435958 0.989080 0.435958 0.984023 0.433659
0 0.756526 0.268118 0.759898 0.277317 0.766628 0.293415 0.768314 0.298014 0.767471 0.311812 0.763257 0.316411 0.757369 0.316411 0.753155 0.311812 0.751469 0.307213 0.751469 0.298014 0.751469 0.286516 0.753997 0.272718
0 0.406845 0.419861 0.395798 0.422160 0.386590 0.433798 0.381609 0.456794 0.383269 0.472822 0.384087 0.481916 0.388301 0.498014 0.391596 0.514111 0.399259 0.518711 0.400945 0.523310 0.404227 0.532509 0.408531 0.537108 0.412746 0.541707 0.415262 0.543972 0.421162 0.543972 0.423691 0.543972 0.427063 0.541707 0.428659 0.527909 0.429591 0.498014 0.430434 0.484216 0.429591 0.472718 0.427075 0.458885 0.426220 0.452021 0.420319 0.440557 0.416105 0.433659 0.408531 0.422160
0 0.430434 0.429059 0.437088 0.435958 0.447203 0.440557 0.453180 0.456620 0.455632 0.461220 0.459080 0.484216 0.459080 0.498014 0.458238 0.514111 0.455632 0.525610 0.450651 0.543972 0.448135 0.553171 0.442235 0.550871 0.438863 0.530209 0.435492 0.530209 0.433806 0.516411 0.432874 0.502613 0.432120 0.488815 0.432120 0.465819 0.430434 0.447456
0 0.839017 0.321010 0.834879 0.323310 0.826462 0.334808 0.823934 0.346307 0.823934 0.362369 0.824687 0.376167 0.829834 0.378467 0.837420 0.355401 0.840741 0.341812
0 0.791826 0.341707 0.789387 0.348606 0.784330 0.360070 0.780958 0.373868 0.778429 0.389965 0.778429 0.410662 0.778429 0.433659 0.780958 0.438258 0.786015 0.426760 0.789387 0.415261 0.794444 0.403763 0.796960 0.392265 0.799489 0.383066 0.801175 0.364669 0.801175 0.348606 0.800255 0.343902
0 0.480996 0.431359 0.490255 0.435958 0.496156 0.442857 0.499527 0.452021 0.500370 0.472718 0.503742 0.491115 0.506271 0.502613 0.506271 0.509512 0.506271 0.523310 0.502810 0.530209 0.499527 0.534808 0.495313 0.537108 0.492708 0.537108 0.485198 0.527909 0.480153 0.523310 0.479310 0.511812 0.479310 0.500314 0.479310 0.484216 0.479310 0.472718 0.479310 0.461220 0.478378 0.445157
0 0.834879 0.435958 0.823934 0.435958 0.818033 0.435958 0.808761 0.445157 0.801175 0.463519 0.797803 0.495714 0.796960 0.525610 0.798646 0.546272 0.799489 0.560070 0.806156 0.564669 0.812133 0.548571 0.815504 0.543972 0.822248 0.541707 0.827305 0.537108 0.834036 0.534808 0.841622 0.525610 0.844994 0.518711 0.846679 0.504913 0.846679 0.484216 0.846679 0.475017 0.843231 0.458920 0.842465 0.452021 0.839936 0.442857
0 0.716922 0.277317 0.709246 0.263519 0.699144 0.275017 0.692478 0.277317 0.684904 0.272718 0.675632 0.268118 0.661303 0.268118 0.656258 0.265819 0.641928 0.256655 0.623384 0.245157 0.610754 0.245157 0.596424 0.242857 0.581175 0.261220 0.571060 0.275017 0.560958 0.279617 0.553448 0.293415 0.545875 0.295714 0.533985 0.293415 0.521354 0.293415 0.513014 0.298014 0.507024 0.316411 0.505428 0.334808 0.504585 0.366969 0.504585 0.394564 0.504585 0.422160 0.506271 0.447456 0.510485 0.463519 0.517229 0.498014 0.521354 0.518711 0.524802 0.541707 0.530702 0.541707 0.537446 0.541707 0.545032 0.541707 0.550089 0.534808 0.555134 0.527909 0.563563 0.527909 0.575275 0.521010 0.584636 0.521010 0.593052 0.530209 0.597267 0.534808 0.603167 0.541707 0.606539 0.546272 0.609068 0.548571 0.613282 0.548571 0.628442 0.560070 0.628442 0.560070 0.634342 0.555470 0.636028 0.548571 0.640996 0.548571 0.650358 0.557770 0.657101 0.557770 0.663755 0.557770 0.669732 0.557770 0.676386 0.555470 0.683218 0.546272 0.687433 0.537108 0.691648 0.527909 0.694930 0.521010 0.698378 0.511812 0.702593 0.507213 0.705964 0.527909 0.705964 0.539408 0.711865 0.550871 0.721890 0.557770 0.728710 0.550871 0.732005 0.537108 0.734610 0.521010 0.738825 0.495714 0.740434 0.475017 0.743040 0.452021 0.743883 0.426760 0.743883 0.403763 0.750536 0.383066 0.749783 0.376167 0.745568 0.369268 0.742107 0.350906 0.738825 0.327909 0.728710 0.307213 0.725351 0.300314 0.721890 0.286516
0 0.735364 0.272160 0.742375 0.272160 0.740971 0.281742 0.738863 0.289408 0.738174 0.291324 0.735364 0.283659
0 0.902478 0.337282 0.899668 0.354530 0.898263 0.369861 0.897561 0.387108 0.897561 0.411986 0.900370 0.408153 0.901073 0.392857 0.903883 0.381359 0.904585 0.371777 0.905990 0.358362 0.906692 0.344948
0 0.930562 0.321951 0.926347 0.333449 0.924240 0.348780 0.923538 0.362195 0.923538 0.371777 0.923538 0.375610 0.927050 0.364111 0.927752 0.360279 0.931264 0.343031 0.931967 0.329617
0 0.957241 0.339199 0.952324 0.346864 0.950217 0.356446 0.948812 0.366028 0.948812 0.381359 0.949515 0.387108 0.950217 0.390941 0.953027 0.379443 0.955134 0.366028 0.957241 0.354530 0.959349 0.344948
0 0.979719 0.337282 0.974802 0.335366 0.971992 0.335366 0.970587 0.348780 0.969183 0.371777 0.971290 0.379443 0.976207 0.383275 0.979719 0.383275 0.980421 0.375610 0.982516 0.348780
0 0.946718 0.344948 0.941801 0.352613 0.941801 0.358362 0.945313 0.375610 0.946015 0.375610 0.948110 0.367944 0.948812 0.354530
0 0.854725 0.329617 0.849808 0.341115 0.848404 0.343031 0.847701 0.346864 0.846999 0.366028 0.846999 0.375610 0.846999 0.379443 0.849808 0.383275 0.851916 0.381359 0.851916 0.373693 0.854725 0.358362 0.856833 0.346864 0.858238 0.337282
