0 0.617024 0.336376 0.627126 0.328084 0.640281 0.344634 0.652414 0.341882 0.651392 0.372230 0.644317 0.386028 0.638250 0.405331 0.635223 0.416341 0.629157 0.424634 0.620051 0.435679 0.611967 0.430139 0.609936 0.427387 0.609936 0.413589 0.609936 0.408084 0.610958 0.391533 0.611967 0.372230 0.614994 0.347387
0 0.923384 0.209477 0.928442 0.201185 0.931481 0.190139 0.929451 0.176376 0.927433 0.146028 0.927433 0.126725 0.935517 0.123937 0.941596 0.123937 0.948672 0.148780 0.951699 0.168084 0.955747 0.187387 0.960805 0.203937 0.965862 0.214983 0.970907 0.239826 0.972937 0.259129 0.971928 0.281185 0.971928 0.283937 0.961814 0.283937 0.952708 0.283937 0.941596 0.281185 0.922375 0.272927 0.921367 0.226028
0 0.853627 0.181882 0.857663 0.176376 0.865760 0.192927 0.869796 0.217735 0.871826 0.231533 0.873844 0.264634 0.875862 0.292230 0.873844 0.300488 0.861711 0.300488 0.860702 0.294983 0.860702 0.259129 0.858672 0.248084 0.856654 0.231533 0.854636 0.203937
0 0.824304 0.226028 0.816207 0.231533 0.812171 0.259129 0.808123 0.278432 0.808123 0.294983 0.812171 0.308780 0.816207 0.322578 0.819246 0.322578 0.824304 0.319791 0.827331 0.303240 0.827331 0.272927 0.827331 0.248084
0 0.766667 0.306028 0.774751 0.292230 0.784866 0.289477 0.789923 0.294983 0.804074 0.303240 0.800038 0.319791 0.795990 0.333589 0.794981 0.350139 0.803065 0.358432 0.807114 0.358432 0.808123 0.372230 0.809132 0.388780 0.809132 0.394286 0.809132 0.408084 0.801047 0.408084 0.794981 0.413589 0.785875 0.421882 0.777791 0.430139 0.769693 0.430139 0.767676 0.427387 0.766667 0.397038 0.766667 0.383240 0.766667 0.358432 0.766667 0.344634 0.766667 0.330836 0.766667 0.311533
0 0.790932 0.214983 0.783857 0.214983 0.778799 0.228780 0.774751 0.242578 0.776782 0.272927 0.779821 0.278397 0.784866 0.275679 0.792950 0.283937 0.795990 0.278432 0.796999 0.245331 0.796999 0.237038
0 0.748467 0.328084 0.755543 0.341882 0.756552 0.380488 0.753525 0.391533 0.761609 0.408084 0.756552 0.438432 0.754534 0.443937 0.750485 0.452230 0.740383 0.452230 0.733295 0.457735 0.727229 0.457735 0.720153 0.443937 0.726220 0.424634 0.732286 0.416341 0.735326 0.413589 0.735326 0.413589 0.735326 0.386028 0.735326 0.369477 0.740383 0.350139 0.743410 0.336376
0 0.830370 0.151533 0.824304 0.140488 0.817216 0.151533 0.815198 0.170836 0.807114 0.165331 0.796999 0.168084 0.794981 0.206690 0.796999 0.214983 0.805083 0.226028 0.812171 0.231533 0.819246 0.220488 0.824304 0.195679 0.825313 0.187387 0.832388 0.181882 0.837446 0.170836 0.837446 0.162578 0.837446 0.162578
0 0.701954 0.223275 0.695888 0.223275 0.688812 0.242578 0.688812 0.264634 0.691839 0.272927 0.695888 0.272927 0.699936 0.259129 0.706003 0.242578
0 0.668582 0.248084 0.659489 0.248084 0.653423 0.259129 0.652414 0.259129 0.641290 0.267387 0.637241 0.281185 0.642299 0.300488 0.645326 0.297735 0.649374 0.308780 0.654432 0.308780 0.660498 0.306028 0.664547 0.289477 0.667573 0.272927 0.670626 0.250871
0 0.756552 0.214983 0.765658 0.228780 0.762580 0.256446 0.760536 0.272822 0.757599 0.286760 0.754534 0.308780 0.752516 0.311533 0.748467 0.303240 0.747458 0.294983 0.744419 0.270139 0.744419 0.261882 0.745428 0.248084 0.748467 0.234286 0.752516 0.217735
0 0.730268 0.259129 0.714087 0.264634 0.703972 0.281185 0.690830 0.311533 0.684764 0.325331 0.676679 0.361185 0.678697 0.374983 0.685773 0.394286 0.689821 0.424634 0.693870 0.432892 0.698914 0.449477 0.710038 0.449477 0.719144 0.432892 0.724202 0.413589 0.724202 0.394286 0.726220 0.374983 0.730268 0.355679 0.736335 0.330836 0.737344 0.322578 0.742401 0.311533 0.746450 0.314286 0.742401 0.294983 0.739361 0.278432 0.736335 0.261882
0 0.660498 0.347387 0.658480 0.366690 0.655441 0.399791 0.650383 0.419129 0.650383 0.449477 0.654432 0.454983 0.664547 0.468780 0.668582 0.468780 0.677688 0.463240 0.681737 0.452230 0.681737 0.441185 0.680715 0.416341 0.678697 0.399791 0.673640 0.374983 0.672631 0.363937 0.670613 0.355679 0.666564 0.350139
0 0.596794 0.314286 0.588710 0.319791 0.584662 0.328084 0.579604 0.339129 0.576577 0.350139 0.572529 0.369477 0.567471 0.386028 0.567471 0.402578 0.570511 0.438432 0.574547 0.452230 0.578595 0.449477 0.585670 0.441185 0.591737 0.441185 0.595785 0.441185 0.600843 0.427387 0.602861 0.416341 0.602861 0.408084 0.603870 0.399791 0.604891 0.394286 0.606909 0.383240 0.607918 0.374983 0.607918 0.355679 0.607918 0.339129 0.607918 0.328084 0.603870 0.319791
0 0.431980 0.421882 0.433001 0.394286 0.440077 0.380488 0.446143 0.380488 0.456245 0.394286 0.463333 0.416341 0.465351 0.435679 0.468391 0.463240 0.468391 0.490836 0.467369 0.504634 0.463333 0.521185 0.458276 0.526690 0.446143 0.521185 0.436028 0.521185 0.433001 0.515679 0.426935 0.496341 0.426935 0.482578 0.424904 0.471533 0.424904 0.460488 0.426935 0.443937 0.428953 0.435679
0 0.414802 0.419129 0.410754 0.419129 0.405696 0.416341 0.402656 0.419129 0.397612 0.435679 0.397612 0.454983 0.400639 0.460488 0.406705 0.463240 0.412771 0.463240 0.413780 0.454983 0.417829 0.438432
0 0.398621 0.471533 0.391545 0.463240 0.385479 0.466028 0.380421 0.474286 0.377382 0.493589 0.375364 0.510139 0.371315 0.523937 0.369298 0.532230 0.373333 0.540488 0.382439 0.546028 0.389515 0.548780 0.398621 0.554286 0.402656 0.554286 0.412771 0.554286 0.420868 0.543240 0.420868 0.515679 0.417829 0.496341 0.416820 0.493589 0.408723 0.485331 0.399630 0.479791
