0 0.347854 0.444460 0.333538 0.432962 0.318365 0.432962 0.304049 0.439861 0.297305 0.460557 0.303206 0.501916 0.311622 0.531812 0.321737 0.563972 0.329323 0.586969 0.336066 0.609965 0.341967 0.623763 0.350383 0.630662 0.357969 0.630662 0.366398 0.621463 0.371456 0.612265 0.378199 0.584669 0.373985 0.563972 0.368927 0.554808 0.365556 0.538711 0.359655 0.515714 0.355441 0.499617 0.352912 0.488118 0.351226 0.478920 0.349540 0.460557
0 0.561034 0.308815 0.570307 0.311115 0.571137 0.322648 0.569476 0.350174 0.562720 0.354808 0.558506 0.345610 0.558493 0.327178
0 0.289719 0.366307 0.293091 0.357108 0.296462 0.357108 0.304891 0.361707 0.306577 0.370906 0.306577 0.391568 0.304049 0.393868 0.297305 0.391568 0.288876 0.380070
0 0.354598 0.331812 0.362184 0.320314 0.366398 0.341010 0.364713 0.354808 0.362184 0.354808 0.357969 0.347909
0 0.323423 0.341010 0.324266 0.329512 0.330166 0.329512 0.334381 0.341010 0.334381 0.359408 0.332695 0.366307 0.326794 0.366307 0.325951 0.359408
0 0.242529 0.386969 0.245900 0.377770 0.254330 0.377770 0.259387 0.391568 0.262759 0.409965 0.262759 0.419164 0.258544 0.432962 0.252644 0.435261 0.248429 0.435261 0.240843 0.421463 0.238327 0.400767
0 0.375670 0.377770 0.381558 0.377770 0.389987 0.389268 0.398416 0.400767 0.398416 0.423763 0.391673 0.423763 0.387458 0.416864 0.379872 0.405366 0.376513 0.400767 0.374828 0.396167
0 0.525645 0.292718 0.531545 0.292718 0.538289 0.297317 0.546718 0.306516 0.546718 0.343310 0.546718 0.364007 0.543346 0.382369 0.534917 0.377770 0.531545 0.366307 0.528174 0.352509 0.526488 0.341010 0.526488 0.318014
0 0.491098 0.384669 0.479310 0.338711 0.475096 0.299617 0.479310 0.267456 0.487727 0.255958 0.500370 0.265157 0.513014 0.274355 0.518902 0.288118 0.520587 0.304216 0.520587 0.336411 0.515543 0.361707 0.508799 0.368606 0.499527 0.380070
0 0.416948 0.306516 0.419476 0.320314 0.422848 0.345610 0.425377 0.350209 0.432963 0.347909 0.432963 0.334111 0.432120 0.311115 0.426181 0.299652
0 0.394202 0.313415 0.401788 0.301916 0.410217 0.334111 0.415262 0.347909 0.416948 0.368606 0.412746 0.380070 0.407688 0.377770 0.401788 0.361707 0.398416 0.343310 0.395045 0.324913
0 0.413576 0.419164 0.426220 0.398467 0.434649 0.386969 0.444764 0.391568 0.452337 0.416864 0.454866 0.444460 0.455709 0.488118 0.455709 0.515714 0.446450 0.524913 0.438863 0.527213 0.424534 0.504216 0.411060 0.483519 0.406003 0.460557 0.406845 0.437561 0.411903 0.426063
