0 0.447752 0.371185 0.452669 0.384599 0.456181 0.399930 0.456181 0.426760 0.452669 0.430592 0.442835 0.426760 0.432950 0.422997 0.432312 0.415331 0.431596 0.398014 0.433704 0.388432 0.441430 0.376934
0 0.642248 0.386516 0.638033 0.405679 0.637331 0.426760 0.640140 0.453554 0.645057 0.453554 0.659808 0.453554 0.669630 0.453554 0.681571 0.453554 0.694917 0.449756 0.719489 0.449756 0.744061 0.453554 0.753193 0.455470 0.763729 0.455470 0.774955 0.453554 0.774955 0.445923 0.771456 0.440174 0.765837 0.440174 0.754598 0.432509 0.744061 0.426760 0.734943 0.424843 0.719489 0.417178 0.711762 0.409512 0.708250 0.409512 0.694215 0.401847 0.683678 0.394181 0.674547 0.388432 0.668927 0.386516 0.664023 0.384599 0.648570 0.384599
0 0.425287 0.329059 0.429489 0.325226 0.433001 0.325226 0.435109 0.342474 0.433704 0.352056 0.431596 0.352056 0.424585 0.350139
0 0.373321 0.327143 0.376833 0.327143 0.379642 0.327143 0.386667 0.336725 0.387369 0.348223 0.386667 0.357770 0.383857 0.363519 0.380345 0.357770 0.376833 0.350139 0.373321 0.336725
0 0.412644 0.367352 0.420370 0.373101 0.426679 0.388432 0.428084 0.409512 0.427382 0.419094 0.418966 0.415261 0.409132 0.415261 0.397190 0.415261 0.385262 0.409512 0.371916 0.409512 0.360677 0.409512 0.350153 0.411429 0.342427 0.411429 0.335402 0.405679 0.333295 0.403763 0.328378 0.403763 0.323461 0.405679 0.313640 0.405679 0.305913 0.405679 0.296782 0.401847 0.285556 0.401847 0.282043 0.398014 0.283448 0.388432 0.291162 0.386516 0.298889 0.378850 0.305211 0.378850 0.311533 0.376934 0.318557 0.371185 0.324163 0.371185 0.328378 0.375017 0.331890 0.376934 0.336105 0.373101 0.346641 0.369268 0.357165 0.369268 0.362082 0.367352 0.370511 0.367352 0.376833 0.373101 0.380345 0.375017 0.382452 0.378850 0.387369 0.384599 0.401405 0.380767 0.407727 0.378850
0 0.472324 0.329059 0.478646 0.334808 0.484266 0.352056 0.484266 0.378850 0.484266 0.396098 0.481456 0.411429 0.475134 0.413345 0.468110 0.413345 0.466003 0.401847 0.464598 0.390348 0.462490 0.375017 0.462490 0.355889 0.466705 0.340557
0 0.401405 0.256272 0.406322 0.265819 0.411941 0.269652 0.412644 0.284983 0.414751 0.304146 0.409834 0.309895 0.404215 0.304181 0.401405 0.298397 0.400702 0.279233
0 0.633129 0.376934 0.621890 0.367352 0.615568 0.367352 0.612056 0.357770 0.598723 0.380767 0.593742 0.394077 0.591699 0.417073 0.590932 0.436237 0.596552 0.457491 0.605734 0.463136 0.616271 0.457387 0.620485 0.455470 0.628914 0.445923 0.631022 0.426760 0.631022 0.413345 0.633831 0.394181 0.636628 0.388432
0 0.697024 0.286899 0.702644 0.292648 0.704036 0.311812 0.704036 0.319477 0.701239 0.325226 0.698429 0.332892 0.696322 0.332892 0.693512 0.330976 0.693512 0.313728 0.694917 0.296481
0 0.503155 0.371777 0.503155 0.336655 0.506079 0.322265 0.510754 0.315889 0.518365 0.312718 0.524802 0.311115 0.532414 0.306307 0.544112 0.314286 0.549374 0.327073 0.550549 0.341429 0.550549 0.371777 0.547765 0.389199 0.544061 0.401394 0.540741 0.411150 0.535338 0.421254 0.527727 0.424460 0.520702 0.422857 0.513103 0.421254 0.507829 0.416481 0.503742 0.403693 0.501980 0.392509
