0 0.469732 0.323868 0.475351 0.333449 0.480255 0.352613 0.480958 0.381359 0.481660 0.402439 0.480255 0.406237 0.473244 0.402439 0.469732 0.387108 0.464815 0.408153 0.461303 0.389024 0.461303 0.371777 0.465517 0.344948 0.466220 0.329617
0 0.610166 0.356446 0.605249 0.362195 0.598225 0.379443 0.596117 0.392857 0.594713 0.421568 0.594713 0.446481 0.596117 0.450314 0.598927 0.452230 0.603844 0.452230 0.610868 0.448397 0.617178 0.448397 0.623499 0.446481 0.627011 0.444564 0.630524 0.434983 0.630524 0.429233 0.631226 0.417735 0.635441 0.406237 0.637548 0.381359 0.637548 0.379443 0.634036 0.371777 0.631226 0.367944 0.626309 0.364111 0.619285 0.362195
0 0.447254 0.366028 0.441648 0.366028 0.436028 0.375610 0.433921 0.389024 0.432516 0.400523 0.431111 0.417735 0.436028 0.423484 0.444444 0.425401 0.450064 0.425401 0.456386 0.413902 0.456386 0.400523 0.452235 0.388850 0.452874 0.377352
0 0.654700 0.340105 0.658110 0.336132 0.661047 0.336132 0.662503 0.348084 0.661047 0.356063 0.658608 0.358746 0.656169 0.358746 0.655185 0.354739 0.655185 0.348084
0 0.426194 0.411986 0.428301 0.396690 0.423384 0.383275 0.416360 0.377526 0.411443 0.373693 0.403027 0.373693 0.397407 0.373693 0.386871 0.375610 0.380549 0.375610 0.375632 0.373693 0.367918 0.366028 0.358787 0.366028 0.349655 0.367944 0.344738 0.367944 0.334215 0.367944 0.329298 0.367944 0.322976 0.366028 0.317369 0.373519 0.315198 0.371777 0.308174 0.375261 0.301916 0.375610 0.296935 0.377352 0.288506 0.381185 0.281609 0.379443 0.268914 0.394774 0.278033 0.402439 0.287867 0.400523 0.295530 0.400348 0.301916 0.406272 0.315964 0.406272 0.322989 0.410105 0.330013 0.402439 0.341124 0.406272 0.348914 0.404181 0.357382 0.410070 0.368621 0.404321 0.379144 0.408153 0.389681 0.410070 0.396003 0.411986 0.403729 0.408153 0.410741 0.408153 0.415658 0.408153 0.424789 0.415819
0 0.425492 0.325784 0.427599 0.323868 0.432516 0.327700 0.435326 0.341115 0.435326 0.350697 0.430409 0.354530 0.426897 0.354530 0.424087 0.344948 0.424087 0.335366
0 0.658608 0.377526 0.649489 0.377526 0.643167 0.398606 0.639655 0.427317 0.646679 0.448397 0.665632 0.448397 0.677573 0.448397 0.690907 0.452230 0.708467 0.454146 0.716897 0.454146 0.734444 0.454146 0.747791 0.454146 0.762529 0.454146 0.768851 0.444564 0.760421 0.438815 0.750600 0.429233 0.739361 0.425401 0.728825 0.425401 0.721098 0.425401 0.712682 0.417735 0.705658 0.410070 0.701443 0.404321 0.695824 0.394774 0.688799 0.389024 0.682490 0.389024 0.671954 0.389024 0.669144 0.389024 0.659310 0.381359
0 0.375594 0.325470 0.377344 0.320697 0.380268 0.330279 0.384955 0.331847 0.387292 0.339826 0.387880 0.351010 0.387292 0.358990 0.384368 0.360592 0.381443 0.360592 0.380268 0.358990 0.379106 0.352613 0.375594 0.344634 0.373831 0.331847
0 0.353295 0.328990 0.356807 0.322613 0.359681 0.324181 0.360907 0.327387 0.360907 0.338571 0.358506 0.338571 0.354406 0.335366
0 0.778761 0.243066 0.787254 0.243066 0.799387 0.246376 0.798174 0.276167 0.794534 0.289408 0.787254 0.289408 0.779974 0.272857 0.777548 0.259617
0 0.403027 0.252997 0.405837 0.256829 0.410038 0.264495 0.413550 0.277909 0.413538 0.297213 0.410038 0.300906 0.405134 0.297073 0.402324 0.283659 0.401622 0.258746
0 0.537139 0.304739 0.529413 0.304739 0.522388 0.300906 0.513959 0.304739 0.504840 0.325784 0.503436 0.354530 0.502031 0.379443 0.507650 0.404321 0.513257 0.413902 0.520983 0.419652 0.530115 0.423484 0.535032 0.419652 0.539246 0.408153 0.543461 0.398606 0.549770 0.385192 0.552580 0.375610 0.553985 0.354530 0.552580 0.333449 0.550473 0.318118 0.547663 0.310453 0.545568 0.304739
0 0.700038 0.283659 0.701443 0.295157 0.702848 0.314286 0.700038 0.329617 0.695121 0.331533 0.692312 0.321951 0.693014 0.306655 0.695121 0.297073 0.697229 0.285575
