0 0.670498 0.367944 0.674061 0.366028 0.678276 0.379443 0.678276 0.404321 0.675466 0.415819 0.672656 0.429233 0.669144 0.434983 0.664930 0.429233 0.663525 0.415819 0.664930 0.396690 0.668442 0.375610
0 0.478570 0.294181 0.472963 0.301847 0.467344 0.311429 0.461686 0.317073 0.454023 0.328571 0.448404 0.343902 0.445568 0.368885 0.445568 0.393798 0.445568 0.420627 0.448378 0.445540 0.451890 0.468502 0.455402 0.480000 0.462427 0.493415 0.471558 0.502997 0.482784 0.510662 0.494023 0.502997 0.500345 0.491498 0.503857 0.474251 0.505964 0.445540 0.505964 0.428293 0.507369 0.395714 0.507369 0.372718 0.507369 0.363136 0.506667 0.355505 0.503155 0.336341 0.498940 0.317178 0.494725 0.313345 0.488404 0.305679 0.484189 0.296098
0 0.424087 0.381359 0.421277 0.390941 0.417063 0.389024 0.412146 0.385192 0.409336 0.400523 0.408633 0.429233 0.410038 0.452230 0.410741 0.471394 0.414253 0.480976 0.419872 0.488641 0.424087 0.507770 0.429706 0.509686 0.436028 0.502021 0.440243 0.494390 0.444444 0.482892 0.445147 0.467561 0.444444 0.442648 0.441648 0.421568 0.440945 0.404321 0.438135 0.389024 0.433921 0.379443 0.429706 0.375610
0 0.386207 0.396516 0.388978 0.392857 0.389681 0.404321 0.391788 0.415819 0.397407 0.421568 0.402324 0.425401 0.403729 0.433066 0.404432 0.446481 0.400920 0.450314 0.398812 0.450314 0.397407 0.467561 0.397407 0.488641 0.396003 0.488641 0.393193 0.484808 0.387573 0.469477 0.380549 0.448397 0.378442 0.423484 0.379183 0.402439
0 0.560307 0.392857 0.552580 0.390941 0.544866 0.389024 0.535734 0.390941 0.532222 0.410070 0.532222 0.434983 0.532222 0.454146 0.531520 0.471394 0.531520 0.496307 0.535032 0.509686 0.539949 0.513519 0.545568 0.515436 0.552580 0.515436 0.558902 0.513519 0.560307 0.494390 0.562414 0.479059 0.563819 0.461812 0.565926 0.442648 0.566628 0.427317 0.565223 0.402439
0 0.589144 0.379443 0.584176 0.392857 0.578570 0.408153 0.574355 0.421568 0.573653 0.448397 0.572248 0.477143 0.572248 0.488641 0.572248 0.507770 0.572248 0.515436 0.575760 0.507770 0.582069 0.498223 0.587688 0.488641 0.593308 0.479059 0.594010 0.459895 0.596820 0.450314 0.599630 0.431150 0.599630 0.410070 0.599630 0.398606 0.599630 0.390941 0.597522 0.385192 0.594010 0.381359
0 0.622095 0.434983 0.627011 0.444564 0.638250 0.454146 0.643167 0.454146 0.645977 0.473310 0.636143 0.480836 0.627075 0.488502 0.617241 0.494425 0.610868 0.503937 0.610868 0.484808 0.613678 0.465645 0.615785 0.450314 0.618582 0.436899
0 0.696526 0.364111 0.691609 0.369861 0.686692 0.369861 0.683193 0.389024 0.686003 0.400523 0.690907 0.402439 0.694419 0.400523 0.697229 0.390941 0.699336 0.371777
0 0.652299 0.377526 0.649489 0.379443 0.647382 0.387108 0.643870 0.400523 0.643870 0.419652 0.648787 0.417735 0.649489 0.410070 0.652286 0.396690 0.652989 0.387108
0 0.747791 0.339199 0.753410 0.358362 0.752005 0.375610 0.749195 0.385192 0.743576 0.392857 0.738659 0.377526 0.738659 0.360279 0.743576 0.335366
0 0.729527 0.352613 0.724610 0.356446 0.723206 0.366028 0.721801 0.377526 0.723908 0.385192 0.728123 0.377526 0.730932 0.369861 0.730932 0.364111
0 0.880498 0.304739 0.888927 0.314286 0.889630 0.339199 0.885415 0.348780 0.877688 0.360279 0.874879 0.350697 0.874879 0.335366 0.875581 0.312369
