0 0.355441 0.534983 0.362516 0.540488 0.368582 0.568084 0.370613 0.590139 0.370613 0.612230 0.369604 0.617735 0.361507 0.606690 0.356450 0.595679 0.352414 0.579129 0.352414 0.548780
0 0.289579 0.550557 0.294253 0.560139 0.295428 0.569721 0.294253 0.582509 0.293091 0.593659 0.290166 0.601638 0.289579 0.603240 0.287816 0.598467 0.284891 0.582509 0.284891 0.563345
0 0.736220 0.489512 0.739668 0.494111 0.739668 0.517108 0.737982 0.535470 0.736220 0.553868 0.732005 0.563066 0.729553 0.542369 0.731239 0.517108 0.733768 0.503310
0 0.141418 0.558467 0.139732 0.569965 0.141418 0.581463 0.142184 0.590662 0.147318 0.581463 0.147318 0.567666
0 0.116986 0.572265 0.122043 0.567666 0.128787 0.558467 0.134687 0.576864 0.133755 0.604460 0.130473 0.625122 0.124521 0.609059 0.120307 0.600000 0.116143 0.586063
0 0.307420 0.553868 0.314151 0.546969 0.319208 0.556167 0.319208 0.572265 0.319208 0.592962 0.314151 0.592962 0.309017 0.569965
0 0.693333 0.489512 0.701750 0.487213 0.707650 0.505610 0.705964 0.540070 0.701750 0.551568 0.697535 0.569965 0.696692 0.574564 0.694930 0.556167 0.694930 0.542369 0.694930 0.530871 0.692478 0.521707 0.689119 0.498711
0 0.748940 0.498711 0.756526 0.512509 0.756526 0.542369 0.753997 0.565366 0.752312 0.579164 0.748097 0.579164 0.748097 0.556167 0.748097 0.535470 0.748097 0.512509
0 0.844994 0.464216 0.845837 0.480314 0.845837 0.501010 0.844994 0.521707 0.842465 0.526272 0.839017 0.526272 0.836564 0.524007 0.835722 0.505610 0.835722 0.484913 0.839017 0.468815
0 0.262759 0.558467 0.271188 0.560767 0.277075 0.569965 0.279604 0.597561 0.279604 0.620523 0.277918 0.625122 0.272874 0.604460 0.266973 0.611359 0.261826 0.618258 0.260230 0.615958 0.258544 0.597561 0.258544 0.574564
0 0.673103 0.466516 0.663755 0.468815 0.658774 0.487213 0.661303 0.517108 0.666411 0.524042 0.670626 0.521603 0.673103 0.507909 0.674789 0.489512
0 0.593052 0.397561 0.600639 0.397561 0.608135 0.413659 0.609068 0.443519 0.609068 0.461916 0.608135 0.466516 0.602235 0.468815 0.602235 0.466516 0.603167 0.443519 0.603167 0.432021 0.600639 0.422857 0.592209 0.413659
0 0.615811 0.521707 0.608135 0.524007 0.604853 0.556167 0.603921 0.579164 0.603921 0.597561 0.607382 0.599861 0.612350 0.597561 0.615811 0.579164 0.617497 0.563066 0.619183 0.551568 0.619183 0.530871
0 0.603844 0.654321 0.606373 0.635958 0.610587 0.629059 0.614802 0.629059 0.624061 0.642822 0.627433 0.647422 0.632490 0.647422 0.637548 0.645122 0.639234 0.668118 0.630805 0.688815 0.623218 0.688815 0.616475 0.688815 0.611430 0.691115 0.608059 0.693415 0.603001 0.675017
0 0.328148 0.551533 0.336232 0.529443 0.345338 0.554355 0.349425 0.576307 0.351392 0.595679 0.346347 0.603937 0.336232 0.584634 0.330166 0.568084
0 0.638557 0.479791 0.642605 0.488084 0.645632 0.499129 0.650690 0.488084 0.649681 0.521185 0.647663 0.548780 0.645632 0.584634 0.646641 0.603937 0.646641 0.620488 0.636539 0.620488 0.626424 0.620488 0.622375 0.614983 0.621367 0.592892 0.624406 0.573589 0.629451 0.551533 0.631481 0.529443 0.631481 0.512892 0.634508 0.485331
0 0.379706 0.526690 0.388812 0.523937 0.393870 0.532230 0.398914 0.540488 0.404994 0.551533 0.407011 0.565331 0.411060 0.581882 0.414087 0.595679 0.415096 0.612230 0.413078 0.625993 0.410038 0.631533 0.402963 0.628780 0.397905 0.623240 0.393870 0.609443 0.391839 0.598432 0.389821 0.584634 0.384764 0.579129 0.379706 0.592892 0.378697 0.581882 0.378697 0.562578 0.378697 0.540488
0 0.411060 0.512892 0.415096 0.504634 0.425211 0.512892 0.430268 0.540488 0.434304 0.570836 0.439361 0.595679 0.439361 0.612230 0.431277 0.609443 0.420179 0.587456 0.416092 0.573519 0.415070 0.565157 0.413027 0.551568 0.409029 0.534983
0 0.460600 0.460488 0.453525 0.460488 0.447458 0.463240 0.439361 0.482578 0.439336 0.507317 0.439361 0.529443 0.451494 0.557038 0.454534 0.565331 0.457599 0.537631 0.460600 0.512892 0.460600 0.471533
0 0.502056 0.363937 0.495990 0.386028 0.485875 0.413589 0.474713 0.438328 0.471775 0.479791 0.475760 0.548780 0.479808 0.579129 0.484866 0.612230 0.489923 0.639791 0.494981 0.672892 0.506105 0.672892 0.511149 0.664634 0.520255 0.625993 0.520255 0.601185 0.520255 0.570836 0.515198 0.510139 0.513180 0.477038 0.514189 0.435679 0.514176 0.413589 0.514176 0.388850 0.510140 0.374983
0 0.537446 0.366690 0.543512 0.344634 0.557663 0.347387 0.567778 0.355679 0.576884 0.380488 0.583959 0.405331 0.585977 0.446690 0.585977 0.466028 0.584968 0.504634 0.581928 0.534983 0.581928 0.559791 0.581928 0.584634 0.580920 0.606690 0.574853 0.637038 0.571826 0.645331 0.563729 0.653589 0.556654 0.653589 0.550587 0.650836 0.539464 0.634286 0.534406 0.603937 0.533397 0.568084 0.531379 0.540488 0.531379 0.507387 0.531379 0.485331 0.531379 0.460488 0.531379 0.432892 0.531379 0.408084 0.532388 0.377735
