0 0.627854 0.210279 0.634176 0.217944 0.635581 0.235192 0.633474 0.252439 0.627152 0.261986 0.620830 0.271568 0.615223 0.292648 0.613819 0.302230 0.610307 0.304146 0.610307 0.277317 0.613819 0.256272 0.617318 0.237108 0.620830 0.223693 0.627152 0.206446
0 0.434061 0.170035 0.441086 0.154739 0.445990 0.147073 0.455824 0.141324 0.464955 0.141324 0.471980 0.164321 0.471980 0.202613 0.471980 0.227526 0.471980 0.271568 0.471980 0.306063 0.471980 0.342474 0.469170 0.375017 0.465658 0.399930 0.460741 0.422927 0.457931 0.434425 0.452312 0.444007 0.445990 0.444007 0.440383 0.442091 0.434061 0.421010 0.423525 0.409512 0.420013 0.375017 0.422120 0.357770 0.422120 0.352056 0.415798 0.342474 0.412286 0.325226 0.409476 0.296481 0.408774 0.279233 0.408774 0.258188 0.408084 0.237108 0.408774 0.214111 0.411584 0.198780 0.417203 0.183449 0.422120 0.173868 0.429847 0.173868
0 0.576603 0.221777 0.579413 0.216028 0.584317 0.216028 0.587829 0.239024 0.585722 0.258188 0.582209 0.269652 0.578710 0.298397 0.577305 0.313728 0.571686 0.325226 0.565364 0.332892 0.565364 0.317561 0.568174 0.302230 0.570281 0.277317 0.571686 0.260105 0.572388 0.246690 0.576603 0.223693
0 0.175658 0.495714 0.174955 0.482300 0.184087 0.480383 0.186194 0.497631 0.184789 0.514878 0.180575 0.514878 0.178467 0.505296
0 0.359630 0.329059 0.359630 0.309895 0.357522 0.300314 0.359630 0.288815 0.363844 0.273484 0.369464 0.302230 0.371571 0.296481 0.372976 0.279233 0.380690 0.315645 0.382095 0.329059 0.383499 0.353972 0.384202 0.367352 0.387011 0.369268 0.391226 0.388432 0.389119 0.396098 0.382797 0.396098 0.377880 0.376934 0.375773 0.355889 0.371571 0.340557 0.369464 0.353972 0.369464 0.365436 0.364547 0.342474 0.361737 0.332892
0 0.226220 0.422927 0.220600 0.438258 0.211469 0.440174 0.207254 0.468885 0.207957 0.478467 0.214981 0.482300 0.218493 0.495714 0.221303 0.507213 0.224112 0.495714 0.230434 0.486132 0.235338 0.474634 0.237446 0.451638 0.236041 0.444007 0.231137 0.424843
0 0.346284 0.355854 0.342771 0.342474 0.344176 0.330976 0.348391 0.329059 0.354010 0.334808 0.357522 0.350139 0.357522 0.359686 0.356117 0.367352 0.351903 0.373101 0.347688 0.367352
0 0.687535 0.292648 0.688238 0.277317 0.690345 0.254355 0.691047 0.237108 0.698072 0.221777 0.707203 0.227526 0.701533 0.248432 0.697318 0.263763 0.695262 0.286899 0.695262 0.286899
0 0.641903 0.296481 0.645415 0.286899 0.645415 0.267735 0.646117 0.246690 0.648927 0.223693 0.656641 0.212195 0.662261 0.231359 0.662963 0.252439 0.661558 0.273484 0.655939 0.283066 0.653831 0.283066
0 0.262031 0.411429 0.259923 0.403763 0.266245 0.398014 0.271149 0.401847 0.272554 0.426760 0.271852 0.444007 0.265517 0.436237 0.263474 0.436237 0.262031 0.426760
0 0.295734 0.398014 0.294330 0.373101 0.297842 0.355889 0.302759 0.359686 0.306960 0.382683 0.308365 0.392265 0.309770 0.415261 0.310473 0.432509 0.308365 0.442091 0.300651 0.442091 0.300651 0.430592 0.300651 0.422927 0.299949 0.407596
0 0.387714 0.248606 0.389119 0.235192 0.396845 0.231359 0.399655 0.250523 0.398250 0.261986 0.394036 0.267735 0.391226 0.260105
0 0.550613 0.206446 0.553423 0.198780 0.561149 0.198780 0.564662 0.198780 0.568876 0.206446 0.568174 0.229443 0.563257 0.244774 0.560447 0.256272 0.556935 0.273484 0.556935 0.271568 0.554125 0.263902 0.550613 0.244774 0.548506 0.223693
0 0.481801 0.137491 0.488825 0.118328 0.493742 0.108746 0.503576 0.106829 0.512695 0.106829 0.518314 0.114495 0.526743 0.127909 0.537280 0.143240 0.540792 0.171951 0.544304 0.194948 0.544304 0.217944 0.542899 0.237108 0.535875 0.271568 0.533768 0.292648 0.532363 0.304146 0.527458 0.325087 0.527458 0.348084 0.528097 0.367247 0.526041 0.386516 0.522529 0.399930 0.517612 0.417178 0.512005 0.432509 0.507088 0.444007 0.499361 0.449756 0.495147 0.440174 0.491635 0.419094 0.490932 0.405679 0.489527 0.382683 0.488825 0.359686 0.485313 0.334808 0.485313 0.307979 0.485313 0.269652 0.485313 0.246690 0.485313 0.221777 0.485313 0.200697 0.485313 0.187282 0.485313 0.177700 0.481801 0.154739
0 0.717037 0.227526 0.719144 0.214111 0.724751 0.200697 0.731073 0.216028 0.730370 0.235192 0.727561 0.248606 0.724751 0.258188 0.720549 0.260105 0.719847 0.250523 0.719144 0.244774
0 0.668582 0.283066 0.669285 0.263902 0.672797 0.248606 0.677011 0.246690 0.683333 0.250523 0.684036 0.265819 0.681928 0.279233 0.678416 0.286899 0.672797 0.290732
