0 0.491941 0.299617 0.502056 0.288118 0.514700 0.285819 0.529783 0.258258 0.537446 0.237561 0.543346 0.214564 0.555939 0.189199 0.572797 0.157143 0.584674 0.134146 0.600511 0.118118 0.614049 0.113589 0.630013 0.102091 0.650319 0.106620 0.667969 0.122613 0.680600 0.141010 0.689962 0.173206 0.706807 0.209965 0.711865 0.223763 0.717676 0.267456 0.720294 0.297317 0.724508 0.338711 0.726194 0.368606 0.726194 0.396167 0.726194 0.421463 0.721137 0.453659 0.718608 0.474321 0.714393 0.497317 0.708493 0.515714 0.702593 0.522613 0.686501 0.538711 0.677318 0.545610 0.668889 0.550209 0.650358 0.552509 0.636028 0.557108 0.627599 0.557108 0.618340 0.559408 0.601481 0.561707 0.589604 0.561707 0.576207 0.561707 0.565249 0.563972 0.555977 0.570871 0.545875 0.580070 0.538199 0.584669 0.527331 0.584669 0.521354 0.582369 0.514700 0.563972 0.510485 0.543310 0.507024 0.520314 0.503742 0.497317 0.499527 0.467456 0.496922 0.451359 0.495313 0.432962 0.492708 0.414564 0.491941 0.396167 0.491098 0.382369 0.490255 0.364007 0.488493 0.350209 0.488493 0.329512
0 0.421162 0.428362 0.427063 0.423763 0.429591 0.416864 0.430434 0.400767 0.432120 0.377770 0.435492 0.364007 0.439706 0.364007 0.451418 0.380070 0.457395 0.400767 0.469195 0.432962 0.474163 0.453659 0.482593 0.501916 0.493627 0.531812 0.496922 0.554808 0.499527 0.573171 0.494470 0.596167 0.489413 0.596167 0.479310 0.593868 0.469195 0.582369 0.458238 0.570871 0.449808 0.557108 0.440549 0.520314 0.435492 0.501916 0.431290 0.488153 0.427075 0.467596 0.424521 0.453659 0.421073 0.442160
0 0.368838 0.508815 0.368838 0.488118 0.379872 0.495017 0.390830 0.499617 0.400894 0.513240 0.409374 0.529512 0.416105 0.536411 0.421162 0.575470 0.422771 0.593868 0.420319 0.607666 0.411060 0.612265 0.398416 0.607666 0.384930 0.589268 0.372299 0.573171 0.368838 0.550209
0 0.294687 0.504216 0.300677 0.488118 0.303116 0.465157 0.309949 0.465157 0.320051 0.488118 0.331009 0.511115 0.331762 0.550209 0.330166 0.568571 0.325109 0.577770 0.314994 0.575470 0.311622 0.568571 0.305734 0.559408 0.298148 0.547909 0.293934 0.529512
0 0.338595 0.582369 0.339438 0.561707 0.339438 0.536411 0.341124 0.515714 0.341877 0.508815 0.348697 0.499617 0.356284 0.508815 0.361341 0.522613 0.364623 0.554808 0.368838 0.582369 0.368838 0.589268 0.360498 0.596167 0.352069 0.591568 0.345326 0.591568
0 0.266130 0.529512 0.266973 0.508815 0.273716 0.497317 0.282056 0.495017 0.288876 0.506516 0.289719 0.534111 0.290473 0.559408 0.288033 0.568571 0.280370 0.568571 0.273716 0.568571 0.268659 0.547909
0 0.369770 0.469721 0.368084 0.460557 0.364623 0.439861 0.368084 0.414564 0.372299 0.405366 0.379872 0.430662 0.385773 0.435261 0.391596 0.462857 0.386616 0.472021 0.378199 0.476620
0 0.464138 0.290418 0.464138 0.285819 0.464138 0.274355 0.467510 0.260557 0.469195 0.255958 0.473410 0.258258 0.473410 0.272056 0.469949 0.285819
0 0.350307 0.465157 0.347011 0.444460 0.344406 0.426063 0.344406 0.391568 0.351226 0.391568 0.355441 0.419164 0.356284 0.435261 0.356284 0.446760 0.356284 0.462857
0 0.320894 0.458258 0.320894 0.432962 0.320894 0.403066 0.326794 0.419164 0.328480 0.435261 0.326794 0.455958 0.324266 0.465157
0 0.253410 0.478920 0.255172 0.455958 0.254330 0.430662 0.260281 0.419164 0.264444 0.446760 0.265287 0.460557 0.257612 0.478920
0 0.247586 0.527213 0.249195 0.513415 0.252644 0.506516 0.257612 0.501916 0.263512 0.515714 0.265287 0.534111 0.261826 0.557108 0.257612 0.559408 0.254330 0.554808 0.250958 0.547909
0 0.282056 0.444460 0.282056 0.426063 0.286271 0.419164 0.292248 0.428362 0.293091 0.442160 0.292248 0.458258 0.288876 0.465157 0.285504 0.465157
0 0.266973 0.467456 0.266973 0.453659 0.272874 0.426063 0.275402 0.426063 0.277075 0.449059 0.277075 0.467456 0.275402 0.476620
0 0.739668 0.336411 0.739668 0.318014 0.739668 0.308815 0.739668 0.290418 0.747254 0.274355 0.757344 0.292683 0.753155 0.322613 0.751469 0.331812
0 0.298902 0.449059 0.296462 0.435261 0.299834 0.416864 0.304802 0.423763 0.305734 0.432962 0.305734 0.444460
0 0.722822 0.545610 0.722822 0.511115 0.727791 0.485819 0.733768 0.455958 0.737139 0.432962 0.742107 0.412265 0.745568 0.403066 0.750536 0.386969 0.757369 0.377770 0.768314 0.361707 0.777497 0.359408 0.784330 0.368606 0.786858 0.396167 0.787612 0.423763 0.785172 0.449059 0.780115 0.472021 0.775900 0.497317 0.771686 0.524913 0.764866 0.547909 0.761584 0.552509 0.748097 0.554808 0.743883 0.554808 0.735453 0.554808
0 0.780115 0.536411 0.783397 0.492718 0.791073 0.465157 0.795287 0.439861 0.802861 0.419164 0.807918 0.398467 0.815504 0.396167 0.822248 0.407666 0.826462 0.432962 0.826462 0.453659 0.826462 0.483519 0.823934 0.513415 0.821405 0.524913 0.811290 0.538711 0.805390 0.541010 0.789387 0.550209
0 0.041992 0.446760 0.041992 0.439861 0.045287 0.437561 0.049579 0.437561 0.048736 0.455958 0.048736 0.458258 0.047893 0.458258
0 0.722822 0.267456 0.722822 0.258258 0.722822 0.244460 0.726194 0.232962 0.730396 0.232962 0.732005 0.255958 0.732005 0.272056 0.729553 0.276655
