0 0.325619 0.458571 0.341788 0.461324 0.348876 0.475122 0.350894 0.510976 0.348876 0.522021 0.342810 0.522021 0.334713 0.516481 0.328646 0.494425
0 0.255849 0.499930 0.259898 0.472369 0.270000 0.469582 0.286181 0.469582 0.298314 0.488920 0.303372 0.499930 0.306398 0.522021 0.304381 0.530279 0.294266 0.530279 0.280115 0.533031 0.266973 0.538571 0.256858 0.519268
0 0.338761 0.345470 0.347854 0.331672 0.355951 0.328920 0.362018 0.359268 0.367075 0.384077 0.368084 0.400627 0.365045 0.408920 0.352912 0.389617 0.341788 0.389617 0.338761 0.392369 0.335722 0.342718
0 0.235619 0.538571 0.239668 0.527526 0.247752 0.510976 0.248774 0.486132 0.246743 0.472369 0.232593 0.472369 0.230575 0.472369 0.217420 0.472369 0.201252 0.477875 0.197203 0.486132 0.193155 0.486132 0.184061 0.491672 0.174955 0.488920 0.164840 0.488920 0.154738 0.488920 0.145632 0.488920 0.129451 0.488920 0.132490 0.516481 0.134508 0.522021 0.146641 0.524774 0.157765 0.516481 0.167880 0.516481 0.176973 0.516481 0.188097 0.519268 0.196194 0.519268 0.205287 0.522021 0.214393 0.522021 0.223487 0.533031 0.228544 0.535819
0 0.568289 0.179965 0.578391 0.179965 0.584457 0.202021 0.585479 0.232369 0.584457 0.246167 0.576373 0.246167 0.571315 0.240627 0.569298 0.215819
0 0.169898 0.417178 0.177995 0.417178 0.186079 0.422718 0.186079 0.453031 0.186079 0.461324 0.182031 0.464077 0.179004 0.447526 0.171928 0.439268
0 0.673436 0.464077 0.678493 0.450279 0.688608 0.436481 0.698723 0.447526 0.702759 0.461324 0.700741 0.472369 0.691635 0.480627 0.681533 0.483380 0.676475 0.483380
0 0.245734 0.395122 0.236641 0.403380 0.228544 0.414425 0.233602 0.444774 0.236641 0.444774 0.246743 0.428223 0.251852 0.422648 0.252810 0.406167
0 0.653218 0.320627 0.661303 0.309617 0.672427 0.323380 0.668391 0.345470 0.663333 0.359268 0.653218 0.359268 0.652209 0.334425
0 0.385275 0.304077 0.390332 0.295819 0.396398 0.309617 0.399425 0.320627 0.397407 0.339930 0.398416 0.359268 0.399425 0.370279 0.399425 0.381324 0.394368 0.373031 0.392350 0.353728 0.389310 0.339930 0.388301 0.315122
0 0.626935 0.257178 0.630971 0.268223 0.630971 0.295819 0.625913 0.317875 0.617829 0.328920 0.617829 0.326167 0.622886 0.304077 0.623895 0.279268
0 0.600639 0.224077 0.608723 0.224077 0.614789 0.243380 0.614789 0.259930 0.614789 0.284774 0.613780 0.304077 0.607714 0.328920 0.604687 0.323380 0.606705 0.295819 0.606705 0.279268 0.600639 0.254425
0 0.419642 0.268223 0.414598 0.304077 0.407510 0.326167 0.409540 0.362021 0.414598 0.406167 0.415607 0.447526 0.419655 0.508223 0.428748 0.516481 0.441890 0.516481 0.456054 0.538571 0.463129 0.483380 0.458072 0.466829 0.453014 0.430976 0.455032 0.384077 0.449987 0.350976 0.440881 0.320627 0.429757 0.312369 0.429757 0.273728 0.425722 0.262718
0 0.617829 0.444774 0.625913 0.425470 0.634010 0.414425 0.643103 0.392369 0.657267 0.417178 0.658276 0.430976 0.658276 0.455819 0.650179 0.477875 0.645134 0.497178 0.638046 0.519268 0.630971 0.522021 0.621877 0.510976 0.615811 0.491672 0.615811 0.466829
0 0.443921 0.246167 0.445939 0.215819 0.453014 0.199268 0.470204 0.185470 0.487395 0.163415 0.499527 0.155122 0.508633 0.166167 0.517727 0.168920 0.525811 0.168920 0.535926 0.177178 0.550089 0.193728 0.557165 0.218571 0.560192 0.243380 0.562222 0.295819 0.562222 0.356481 0.562222 0.392369 0.562222 0.422718 0.556156 0.450279 0.548059 0.486132 0.541992 0.508223 0.530868 0.508223 0.521775 0.516481 0.511660 0.519268 0.497510 0.513728 0.483346 0.513728 0.476245 0.475261 0.473308 0.455749 0.467178 0.439373 0.465134 0.400697 0.460153 0.378397 0.460089 0.350976 0.457063 0.317875 0.455032 0.309617 0.450996 0.287526 0.442899 0.259930
0 0.386284 0.444774 0.391341 0.436481 0.401443 0.439268 0.404483 0.472369 0.405492 0.505470 0.397407 0.510976 0.392350 0.502718 0.390332 0.466829
0 0.356960 0.455819 0.359987 0.442021 0.371111 0.442021 0.375160 0.466829 0.375160 0.483380 0.371111 0.499930 0.367075 0.497178 0.359987 0.477875
0 0.285172 0.378571 0.293257 0.364774 0.299323 0.362021 0.303372 0.386829 0.304381 0.406167 0.294266 0.419930 0.288199 0.422718 0.283142 0.381324
0 0.311456 0.353728 0.309438 0.373031 0.313487 0.392369 0.317522 0.397875 0.325619 0.400627 0.324598 0.384077 0.320562 0.350976
0 0.373142 0.326167 0.381226 0.337178 0.390332 0.362021 0.389310 0.386829 0.387292 0.395122 0.380217 0.389617 0.374151 0.367526 0.372120 0.317875
0 0.682542 0.414425 0.696679 0.406272 0.703831 0.378397 0.710856 0.348223 0.703780 0.337178 0.691635 0.337178 0.682542 0.331672 0.671418 0.339930 0.668391 0.370279 0.673436 0.406167
