0 0.792937 0.388432 0.794342 0.375017 0.794342 0.363519 0.795045 0.348223 0.800664 0.340557 0.803474 0.340557 0.805581 0.353972 0.805581 0.365436 0.804879 0.380767 0.803474 0.384599 0.799962 0.392265
0 0.344253 0.438258 0.348467 0.457387 0.351277 0.468885 0.354789 0.468885 0.357586 0.468885 0.358991 0.444007 0.353384 0.428571
0 0.785211 0.455470 0.786616 0.445923 0.791533 0.432509 0.796450 0.421010 0.804879 0.421010 0.806986 0.447840 0.809783 0.457387 0.813295 0.459303 0.821724 0.447840 0.825236 0.432509 0.828748 0.419094 0.836475 0.413345 0.842784 0.424843 0.844891 0.449756 0.844891 0.468885 0.843487 0.470801 0.829451 0.478467 0.824534 0.478467 0.815402 0.478467 0.802069 0.484216 0.796450 0.484216 0.783806 0.478467
0 0.646884 0.394181 0.646884 0.388432 0.648991 0.380767 0.653206 0.371185 0.657420 0.363519 0.659527 0.373101 0.659527 0.388432 0.658123 0.396098 0.651801 0.399930
0 0.825939 0.380767 0.825236 0.373101 0.825236 0.361603 0.828046 0.352056 0.834368 0.355889 0.834368 0.363519 0.830856 0.375017 0.830153 0.378850
0 0.754355 0.401150 0.754355 0.385192 0.754355 0.372404 0.754355 0.364425 0.757280 0.358049 0.759617 0.366028 0.759617 0.378780 0.759617 0.391568 0.759617 0.402753 0.758442 0.412334 0.756692 0.413902 0.756705 0.412195
0 0.687612 0.474634 0.687612 0.461220 0.687612 0.445923 0.692529 0.430592 0.701660 0.430592 0.709374 0.434425 0.712886 0.451638 0.712886 0.465052 0.709374 0.476551 0.707267 0.486132 0.696041 0.501463 0.690421 0.491882
0 0.611073 0.365436 0.611775 0.348223 0.615990 0.334808 0.618097 0.330976 0.623014 0.330976 0.625121 0.332892 0.626526 0.350139 0.625824 0.365436 0.622312 0.373101 0.616692 0.373101
0 0.694636 0.409512 0.694636 0.396098 0.695338 0.380767 0.704457 0.376934 0.705862 0.399930 0.703065 0.403763
0 0.814700 0.386516 0.814700 0.365436 0.819617 0.357770 0.822427 0.357770 0.821724 0.371185 0.820319 0.380767
0 0.785951 0.389965 0.785364 0.380383 0.784189 0.374007 0.784189 0.362822 0.785364 0.354843 0.789464 0.350070 0.790626 0.356446 0.790051 0.372404 0.789464 0.380383
0 0.731149 0.411429 0.731149 0.405679 0.731149 0.396098 0.733257 0.378850 0.734662 0.369268 0.737471 0.369268 0.739566 0.384599 0.739566 0.394181 0.738174 0.405679
0 0.545773 0.505296 0.545773 0.489965 0.545773 0.457387 0.545773 0.444007 0.545773 0.424843 0.545773 0.405679 0.547178 0.386516 0.549285 0.365436 0.549987 0.344390 0.549987 0.342474 0.558416 0.357770 0.561928 0.367352 0.570345 0.373101 0.581584 0.384599 0.589310 0.403763 0.589310 0.424843 0.588608 0.453554 0.586501 0.463136 0.581584 0.476551 0.575964 0.489965 0.571775 0.501394 0.567535 0.505296 0.559821 0.511045 0.554904 0.514878 0.549987 0.522544
0 0.453793 0.459303 0.453793 0.434425 0.453091 0.407596 0.453091 0.392265 0.453091 0.373101 0.452388 0.355889 0.454496 0.338641 0.460115 0.309895 0.466424 0.290732 0.476960 0.283066 0.488902 0.281150 0.510664 0.281150 0.530319 0.296481 0.536654 0.331010 0.542261 0.361603 0.542261 0.396098 0.540153 0.430592 0.538046 0.451638 0.532427 0.480383 0.528225 0.493798 0.523308 0.505296 0.514879 0.512962 0.507854 0.518711 0.497318 0.524460 0.483985 0.528293 0.476960 0.522544 0.465722 0.512962 0.460792 0.495819 0.455939 0.476655
0 0.618097 0.470801 0.621609 0.440174 0.629336 0.417178 0.641264 0.413345 0.653206 0.444007 0.653206 0.470801 0.647586 0.486132 0.644074 0.493798 0.633550 0.497631 0.618799 0.495714
0 0.427101 0.463136 0.429911 0.451638 0.429911 0.440174 0.432018 0.417178 0.436232 0.407596 0.443959 0.426760 0.444662 0.455470 0.443257 0.470801 0.440447 0.472718 0.433423 0.472718
