0 0.520421 0.480209 0.523231 0.455296 0.523934 0.438049 0.522529 0.422718 0.522529 0.397840 0.524636 0.388258 0.533065 0.378676 0.539387 0.374843 0.540089 0.405470 0.539387 0.426551 0.539387 0.445714 0.538685 0.464878 0.535875 0.480209 0.533065 0.493624 0.530255 0.493624 0.525338 0.489791
0 0.639093 0.489791 0.641903 0.478293 0.641201 0.464878 0.641903 0.447631 0.648927 0.436132 0.657344 0.428467 0.660856 0.430383 0.657344 0.462962 0.654534 0.478293 0.648927 0.495540 0.643308 0.497456
0 0.417752 0.521951 0.420064 0.507456 0.423576 0.496272 0.428838 0.488293 0.435275 0.488293 0.440536 0.509059 0.443461 0.518641 0.445811 0.523415 0.447561 0.531394 0.442886 0.542578 0.438787 0.542578 0.427663 0.544181 0.422401 0.532997
0 0.139949 0.496132 0.141711 0.488153 0.141711 0.486551 0.141711 0.480174 0.141711 0.465784 0.144636 0.467387 0.145223 0.468990 0.147561 0.486551 0.146386 0.497735 0.142299 0.497735
0 0.812861 0.419512 0.810524 0.411533 0.811699 0.398746 0.817497 0.403484 0.819885 0.411533 0.818135 0.422683
0 0.420230 0.424286 0.421992 0.414704 0.427254 0.413101 0.433103 0.417909 0.431941 0.437073 0.429604 0.437073 0.427842 0.435470 0.425504 0.430662
0 0.663653 0.496132 0.668340 0.492927 0.678289 0.480174 0.685300 0.491324 0.693499 0.492927 0.697599 0.491324 0.702861 0.492927 0.704036 0.508885 0.701686 0.529652 0.695249 0.547213 0.688225 0.555192 0.677701 0.561568 0.667165 0.563171 0.654879 0.553589 0.649029 0.550418 0.643180 0.545610 0.633819 0.545610 0.625619 0.558397 0.615670 0.571150 0.605147 0.582334 0.599872 0.582334 0.585837 0.582334 0.581737 0.582334 0.570613 0.582334 0.558914 0.582334 0.550728 0.582334 0.540192 0.582334 0.528493 0.582334 0.516194 0.580732 0.510345 0.575958 0.493384 0.566376 0.492209 0.561568 0.499234 0.553589 0.508595 0.553589 0.517369 0.550418 0.526143 0.534425 0.534930 0.520070 0.537854 0.512091 0.541367 0.497735 0.543704 0.478571 0.546041 0.465784 0.551303 0.457805 0.558914 0.457805 0.571788 0.476969 0.579400 0.483345 0.590511 0.492927 0.595773 0.494530 0.606309 0.497735 0.611571 0.497735 0.620945 0.492927 0.629757 0.507317 0.641418 0.513693 0.647854 0.518467 0.656054 0.515296
0 0.392733 0.496132 0.392733 0.481777 0.394496 0.473763 0.401507 0.491324 0.403857 0.489756 0.403857 0.468990 0.404432 0.454634 0.408531 0.446655 0.415556 0.451429 0.419068 0.464216 0.416731 0.480174 0.413218 0.484948 0.410294 0.499338 0.405607 0.505714 0.398595 0.502439
0 0.607484 0.440244 0.607484 0.429094 0.609234 0.424286 0.611571 0.422683 0.614508 0.417909 0.622107 0.417909 0.618008 0.424286 0.615670 0.429094 0.613333 0.432265 0.610996 0.438641
0 0.779515 0.414704 0.787114 0.408328 0.791801 0.421115 0.792976 0.429094 0.790051 0.437073 0.785364 0.432265 0.780102 0.427491
0 0.799987 0.417909 0.799987 0.408328 0.803499 0.401951 0.805849 0.421115 0.805849 0.430662 0.803499 0.429094
0 0.444585 0.482125 0.443180 0.455296 0.443883 0.428467 0.451609 0.411220 0.459336 0.394007 0.467765 0.374843 0.481801 0.367178 0.494444 0.365261 0.506386 0.367178 0.510600 0.390174 0.510600 0.415052 0.510600 0.439965 0.514802 0.491707 0.515504 0.516585 0.509898 0.531916 0.505683 0.537666 0.496552 0.541498 0.489527 0.549164 0.482503 0.549164 0.475492 0.547247 0.462848 0.537666 0.456526 0.528084 0.448097 0.520418 0.445990 0.503171
0 0.373423 0.500906 0.373423 0.491324 0.376347 0.483345 0.379860 0.489756 0.380447 0.499338 0.378697 0.507317
0 0.579974 0.427491 0.584074 0.416307 0.587586 0.414704 0.591098 0.421115 0.587586 0.429094 0.584662 0.429094
