0 0.661124 0.539895 0.664368 0.546516 0.669655 0.547631 0.676564 0.547631 0.680626 0.543206 0.684687 0.543206 0.687126 0.540976 0.691596 0.538780 0.694444 0.537666 0.698506 0.535436 0.700128 0.528780 0.698506 0.513275 0.696066 0.499965 0.694444 0.493310 0.688352 0.495540 0.685913 0.496655 0.683474 0.497735 0.679413 0.497735 0.674534 0.496655 0.671277 0.496655 0.664368 0.496655 0.659502 0.496655 0.657471 0.502195 0.661124 0.512160 0.662746 0.514390 0.661533 0.527700 0.660715 0.532125
0 0.227024 0.466446 0.227024 0.450488 0.231124 0.439303 0.234636 0.442474 0.232874 0.458467 0.231124 0.463240
0 0.259208 0.480801 0.258621 0.464843 0.258033 0.455261 0.259208 0.440906 0.265057 0.442474 0.267982 0.471220 0.267982 0.479199 0.264470 0.487178
0 0.599170 0.423345 0.599757 0.407352 0.604444 0.399373 0.608531 0.399373 0.611456 0.407352 0.608531 0.418537 0.605019 0.423345 0.603857 0.423345
0 0.482146 0.523902 0.483895 0.507944 0.484483 0.485575 0.485070 0.466446 0.485070 0.448885 0.485070 0.439303 0.485070 0.416934 0.485070 0.404181 0.486820 0.388223 0.487995 0.372265 0.489757 0.364251 0.492682 0.354704 0.495607 0.349895 0.500868 0.346690 0.505556 0.346690 0.511405 0.346690 0.516092 0.354704 0.520179 0.360976 0.525415 0.359582 0.531877 0.362683 0.534227 0.373833 0.534227 0.397805 0.534227 0.423345 0.534227 0.442474 0.534227 0.461638 0.530715 0.477596 0.524853 0.496760 0.519591 0.506341 0.513742 0.515923 0.509055 0.523902 0.504381 0.528711 0.500868 0.533484 0.493257 0.539861 0.489757 0.539861 0.483321 0.528711
0 0.419540 0.487178 0.420702 0.469617 0.422465 0.437700 0.423040 0.429721 0.422465 0.415366 0.421290 0.397805 0.421290 0.388223 0.424215 0.378641 0.430064 0.372265 0.435338 0.362683 0.444112 0.353101 0.454061 0.351498 0.459323 0.349895 0.470447 0.353101 0.479221 0.373833 0.480383 0.399373 0.480971 0.423345 0.480971 0.445679 0.480383 0.469617 0.478046 0.495157 0.476884 0.514321 0.472197 0.535087 0.470447 0.536690 0.466347 0.544669 0.464585 0.547840 0.462248 0.549443 0.456986 0.549443 0.451137 0.544669 0.445862 0.538258 0.441775 0.533484 0.438263 0.530279 0.432401 0.525505 0.427139 0.519129 0.421839 0.506272
0 0.185479 0.466446 0.185479 0.458467 0.184304 0.444077 0.186654 0.432927 0.193091 0.429721 0.193665 0.458467 0.191916 0.464843
0 0.240485 0.477596 0.240485 0.463240 0.239310 0.455261 0.242822 0.434495 0.245747 0.431324 0.251009 0.444077 0.250434 0.460035 0.246922 0.469617
0 0.355172 0.493589 0.351073 0.488780 0.350485 0.482404 0.349898 0.464843 0.349898 0.448885 0.354585 0.445679 0.359259 0.463415 0.359259 0.485575
0 0.039783 0.445679 0.039783 0.431324 0.040945 0.423345 0.044457 0.420139 0.047969 0.428118 0.047382 0.442474 0.045045 0.448885
0 0.279106 0.491986 0.279106 0.477596 0.279106 0.468049 0.277931 0.455261 0.280856 0.453659 0.283780 0.463240 0.283780 0.474425 0.283193 0.490383
0 0.294317 0.504739 0.292554 0.493589 0.290805 0.482404 0.290805 0.474425 0.291980 0.463240 0.294317 0.456864 0.297241 0.476028 0.297829 0.490383 0.297829 0.498362
0 0.313040 0.471220 0.313040 0.463240 0.314215 0.452056 0.315964 0.448885 0.319476 0.448885 0.322401 0.456864 0.322401 0.466446 0.317714 0.471220
0 0.304853 0.509547 0.304840 0.491986 0.303091 0.482404 0.303091 0.464843 0.304840 0.460035 0.308940 0.479199 0.309527 0.493589 0.308940 0.503136
0 0.535913 0.525017 0.535913 0.509059 0.537088 0.481916 0.540600 0.464355 0.545862 0.443624 0.550549 0.438815 0.560498 0.438815 0.571609 0.453171 0.576884 0.457979 0.576884 0.477143 0.575709 0.505854 0.573372 0.528223 0.568097 0.547387 0.562835 0.556934 0.549962 0.571324 0.545862 0.571324 0.540600 0.566516 0.537088 0.553763
0 0.367803 0.496760 0.368391 0.484007 0.366054 0.469617 0.364879 0.461638 0.364879 0.448885 0.366054 0.440906 0.373665 0.450488 0.376590 0.464843 0.377752 0.487178 0.376590 0.501568 0.374240 0.501568
