0 0.310281 0.525366 0.309438 0.509268 0.304381 0.479408 0.302695 0.463310 0.299323 0.440314 0.298480 0.433415 0.307752 0.421916 0.311967 0.433415 0.319553 0.454111 0.328812 0.495470 0.334713 0.523066 0.336398 0.546063 0.327126 0.559861 0.319553 0.557561
0 0.423193 0.309268 0.422350 0.297770 0.426564 0.297770 0.430766 0.316167 0.434981 0.332265 0.444253 0.336864 0.450153 0.348362 0.445939 0.355261 0.439195 0.355261 0.431609 0.350662 0.427407 0.346063 0.422350 0.334564
0 0.065926 0.371359 0.066769 0.362160 0.070140 0.352962 0.076041 0.352962 0.079413 0.350662 0.078570 0.371359 0.075198 0.389756 0.072669 0.398920 0.067612 0.389756
0 0.251303 0.387456 0.247931 0.380557 0.243716 0.373659 0.241188 0.362160 0.236973 0.350662 0.235287 0.341463 0.235287 0.318467 0.239502 0.309268 0.245466 0.323345 0.252107 0.348432 0.255504 0.369059
0 0.326284 0.325366 0.335556 0.336864 0.338927 0.362160 0.339770 0.394321 0.337241 0.396620 0.334713 0.389756 0.332184 0.375958 0.330498 0.366760 0.327126 0.350662 0.325441 0.343763
0 0.399591 0.412718 0.401277 0.389756 0.408863 0.378258 0.416450 0.380557 0.424036 0.410418 0.430766 0.431115 0.436667 0.461010 0.440881 0.488571 0.443410 0.509268 0.440038 0.527666 0.434981 0.520767 0.429923 0.509268 0.422350 0.484007 0.418135 0.465610 0.408020 0.442613 0.399591 0.426516
0 0.049911 0.435714 0.057497 0.431115 0.065926 0.431115 0.071826 0.438014 0.075198 0.454111 0.074355 0.481707 0.068455 0.490871 0.059183 0.495470 0.054968 0.490871 0.050754 0.472509 0.049068 0.456411
0 0.343142 0.428815 0.337241 0.435714 0.338927 0.447213 0.342299 0.484007 0.346513 0.500070 0.352414 0.523066 0.357471 0.543763 0.365888 0.557561 0.371788 0.564460 0.377688 0.557561 0.377688 0.534564 0.377688 0.516167 0.377688 0.486307 0.376003 0.467909 0.371788 0.451812 0.366731 0.442613 0.360830 0.428815 0.353257 0.419617 0.348199 0.421916
0 0.095415 0.458711 0.097101 0.433415 0.105530 0.431115 0.113116 0.435714 0.126590 0.440314 0.135019 0.447213 0.138391 0.458711 0.138391 0.488571 0.129962 0.504669 0.124904 0.504669 0.115645 0.502369 0.110587 0.497770 0.106373 0.490871 0.100473 0.477108
0 0.263091 0.339164 0.258876 0.318467 0.259719 0.306969 0.263934 0.300070 0.268991 0.302369 0.272363 0.318467 0.272363 0.329965 0.272363 0.348362 0.272363 0.350662 0.267305 0.348362
0 0.572669 0.445540 0.569157 0.434042 0.564943 0.416794 0.562835 0.393798 0.567050 0.393798 0.569860 0.416794 0.575479 0.426376 0.578289 0.435958
0 0.087829 0.389756 0.087829 0.378258 0.087829 0.366760 0.087829 0.352962 0.091201 0.339164 0.096258 0.346063 0.096258 0.359861 0.096258 0.373659 0.094572 0.382857
0 0.230230 0.493171 0.228544 0.461010 0.227701 0.426516 0.227701 0.389756 0.234444 0.385157 0.245402 0.424216 0.255504 0.442613 0.267305 0.451812 0.276577 0.474808 0.283321 0.518467 0.280792 0.546063 0.263934 0.552962 0.255504 0.552962 0.244559 0.541463 0.232759 0.518467
