0 0.654572 0.512718 0.654572 0.538014 0.653729 0.561010 0.656258 0.570209 0.662989 0.572509 0.673103 0.572509 0.684904 0.572509 0.690805 0.556411 0.695006 0.538014 0.699221 0.505819 0.699234 0.475958 0.698340 0.443902 0.687433 0.443763 0.676475 0.457561 0.664674 0.478258 0.658774 0.489721
0 0.404202 0.410557 0.401277 0.399373 0.403614 0.389791 0.406539 0.389791 0.410051 0.394599 0.410051 0.400976 0.408301 0.405784
0 0.913857 0.408955 0.916782 0.404181 0.916782 0.392997 0.913269 0.380244 0.912695 0.365854 0.915619 0.353101 0.917957 0.351498 0.922056 0.375436 0.924393 0.386620 0.924393 0.394599 0.918544 0.407352
0 0.611341 0.400976 0.607241 0.391394 0.604317 0.381812 0.604317 0.367456 0.604317 0.357875 0.607241 0.353101 0.611928 0.353101 0.614266 0.361080 0.614853 0.380244 0.615441 0.385017
0 0.815556 0.413763 0.815556 0.400976 0.814381 0.381812 0.814381 0.369059 0.815556 0.361080 0.819655 0.359477 0.820243 0.377038 0.820243 0.397805 0.819068 0.405784
0 0.291277 0.474425 0.288340 0.460035 0.290690 0.444077 0.295364 0.461638 0.298876 0.474425 0.296539 0.487178 0.293614 0.487178
0 0.267867 0.476028 0.267867 0.458467 0.268455 0.455261 0.273129 0.464843 0.275479 0.464843 0.278978 0.484007 0.274304 0.487178 0.270792 0.485575
0 0.211111 0.491986 0.211699 0.477596 0.211111 0.464843 0.210524 0.447282 0.212273 0.437700 0.216373 0.437700 0.216960 0.463240 0.220473 0.482404 0.220473 0.490383 0.216373 0.503136 0.211699 0.498362
0 0.887292 0.382683 0.887292 0.373380 0.887292 0.360070 0.887292 0.346760 0.889732 0.341429 0.893142 0.348084 0.893142 0.362718 0.893142 0.378676 0.891188 0.375958
0 0.404317 0.519617 0.401788 0.496620 0.401788 0.480557 0.401788 0.452962 0.406845 0.439164 0.416948 0.446063 0.419476 0.464460 0.419476 0.489721 0.420319 0.503519 0.419476 0.526516 0.416105 0.528815 0.411060 0.526516
0 0.375594 0.451603 0.373831 0.434042 0.373831 0.422857 0.376756 0.416481 0.382618 0.419652 0.386705 0.426063 0.388467 0.438815 0.388467 0.453171 0.387292 0.470732 0.386117 0.473937 0.382618 0.472334 0.378519 0.459582
0 0.348621 0.452056 0.348621 0.439303 0.348621 0.423345 0.351545 0.421742 0.358621 0.434495 0.357982 0.452056 0.357395 0.461638 0.353295 0.464843
0 0.321111 0.461638 0.319949 0.452056 0.319949 0.445679 0.322286 0.440906 0.322874 0.439303 0.328723 0.447282 0.328723 0.463240 0.327548 0.471220
0 0.304151 0.477596 0.302976 0.455261 0.303563 0.447282 0.307650 0.447282 0.311750 0.450488 0.312337 0.474425 0.310587 0.484007
0 0.225734 0.485610 0.223985 0.471220 0.223985 0.455261 0.228072 0.440906 0.233346 0.460035 0.230396 0.480836 0.229246 0.490244
0 0.238020 0.484007 0.238020 0.472822 0.238020 0.464843 0.237433 0.445679 0.242146 0.450523 0.243295 0.464843 0.242120 0.477596 0.239195 0.487178
0 0.182439 0.491986 0.181264 0.485575 0.181264 0.482404 0.180089 0.476028 0.180089 0.468049 0.180089 0.463240 0.180089 0.461638 0.182439 0.461638 0.183602 0.469617 0.184777 0.476028 0.184777 0.482404 0.184777 0.485575 0.184777 0.487178
0 0.688582 0.399373 0.687407 0.377038 0.689170 0.365854 0.692682 0.349895 0.695607 0.343519 0.699119 0.346690 0.702043 0.353101 0.703206 0.370662 0.699119 0.394599 0.697356 0.400976 0.694432 0.408955 0.692095 0.407352
0 0.661086 0.399373 0.661086 0.385017 0.665760 0.375436 0.666347 0.373833 0.670447 0.365854 0.673372 0.356272 0.676884 0.353101 0.679808 0.349895 0.682733 0.348293 0.684483 0.357875 0.678633 0.385017 0.674534 0.388223 0.670447 0.389791 0.668685 0.402578 0.665172 0.410557 0.663423 0.410557
0 0.764061 0.378641 0.764061 0.361080 0.764061 0.345122 0.766986 0.327561 0.771673 0.327561 0.772261 0.338711 0.771086 0.354704 0.769911 0.365854 0.768161 0.377038 0.766986 0.380244
0 0.767573 0.501568 0.767573 0.477596 0.772261 0.456864 0.775773 0.442474 0.779285 0.436098 0.784547 0.424913 0.788646 0.420139 0.794496 0.423345 0.797420 0.429721 0.799170 0.442474 0.800345 0.469617 0.798582 0.490383 0.793908 0.498362 0.793908 0.512718 0.786296 0.530279 0.782784 0.525505 0.781034 0.519129 0.776935 0.525505 0.771086 0.520697 0.769911 0.512718
0 0.751775 0.392997 0.751188 0.367456 0.751188 0.353101 0.752950 0.341916 0.755287 0.325958 0.758212 0.321150 0.761686 0.337282 0.761724 0.353101 0.759387 0.361080 0.759387 0.367456 0.758799 0.383415 0.757037 0.391394
0 0.582669 0.391394 0.583257 0.377038 0.586181 0.367456 0.587944 0.359477 0.593206 0.351498 0.597305 0.356272 0.595543 0.372265 0.592031 0.381812 0.587944 0.389791 0.585594 0.392997
0 0.546398 0.361080 0.545211 0.348432 0.547510 0.346690 0.551660 0.340314 0.556335 0.345122 0.553997 0.369059 0.552248 0.370662
0 0.795658 0.380244 0.793908 0.369059 0.795083 0.354704 0.796807 0.340418 0.802095 0.327561 0.805607 0.337143 0.805607 0.351498 0.801520 0.365854 0.800345 0.370662
