0 0.549246 0.341220 0.538289 0.290662 0.533231 0.260767 0.524802 0.210209 0.523959 0.187213 0.522273 0.145819 0.525645 0.102160 0.533231 0.067666 0.545875 0.030906 0.563563 0.019408 0.577893 0.024007 0.586322 0.035505 0.593052 0.047003 0.612439 0.058467 0.632656 0.069965 0.641928 0.092962 0.651201 0.120557 0.648672 0.159617 0.646143 0.184913 0.645300 0.228606 0.639400 0.288362 0.637714 0.320557 0.631814 0.341220 0.625070 0.359617 0.620026 0.371115 0.616654 0.371115 0.603167 0.373415 0.592209 0.373415 0.584636 0.368815 0.574521 0.368815 0.566935 0.364216 0.559349 0.364216 0.553448 0.357317
0 0.648672 0.306760 0.648672 0.269965 0.648672 0.240105 0.654572 0.207909 0.656258 0.178014 0.657931 0.164216 0.659617 0.129756 0.670575 0.125157 0.676475 0.132056 0.683218 0.143554 0.688276 0.150418 0.695006 0.152718 0.698378 0.166516 0.698378 0.198711 0.698378 0.233206 0.698378 0.242369 0.695849 0.265366 0.694163 0.290662 0.691648 0.325157 0.690805 0.341220 0.684904 0.345819 0.679004 0.334355 0.672261 0.327456 0.667203 0.325157 0.662146 0.315958 0.653729 0.315958
0 0.640243 0.382613 0.641928 0.355017 0.649515 0.325157 0.657101 0.348118 0.668889 0.348118 0.674789 0.364216 0.668889 0.391812 0.659617 0.394111 0.653729 0.394111
0 0.725351 0.364216 0.725351 0.338920 0.732082 0.309059 0.738825 0.297561 0.748097 0.283763 0.759898 0.272265 0.766628 0.272265 0.768314 0.302160 0.767471 0.329756 0.759055 0.345819 0.748097 0.364216 0.738825 0.373415 0.727024 0.380314
0 0.492784 0.332021 0.488570 0.302160 0.485198 0.292962 0.475939 0.279164 0.468352 0.267666 0.468352 0.242369 0.468352 0.210209 0.472567 0.184913 0.486041 0.173415 0.494470 0.171115 0.499527 0.157317 0.509642 0.171115 0.515543 0.205610 0.515543 0.219408 0.524010 0.281533 0.526488 0.329756 0.523959 0.357317 0.526488 0.380314 0.527331 0.401010 0.525645 0.414808 0.520587 0.419408 0.510485 0.417108 0.507957 0.410209 0.502899 0.389512 0.501213 0.368815 0.500370 0.350418 0.496999 0.355017
0 0.418633 0.357317 0.418633 0.338920 0.417791 0.313659 0.417791 0.283763 0.419476 0.267666 0.431290 0.254007 0.438863 0.286063 0.444764 0.306760 0.444764 0.334355 0.448978 0.375714 0.450651 0.391812 0.454023 0.391812 0.457395 0.391812 0.460766 0.398711 0.463295 0.398711 0.464981 0.398711 0.466667 0.403310 0.466667 0.412509 0.464138 0.424007 0.458238 0.428606 0.456552 0.430871 0.453180 0.430871 0.447292 0.410209 0.442235 0.401010 0.435492 0.387213 0.432120 0.384913 0.427905 0.378014 0.424534 0.371115
0 0.721980 0.267666 0.721137 0.246969 0.720294 0.221707 0.721137 0.212509 0.725351 0.191812 0.727867 0.171115 0.734610 0.164216 0.741354 0.159617 0.745568 0.168815 0.746411 0.187213 0.743040 0.207909 0.738825 0.228606 0.737139 0.242369 0.734610 0.251568 0.732082 0.256167 0.729553 0.265366
0 0.745568 0.256167 0.747254 0.235505 0.749783 0.224007 0.751469 0.207909 0.753155 0.182613 0.753997 0.159617 0.756526 0.150418 0.762414 0.157317 0.764943 0.159617 0.768314 0.148118 0.775057 0.173415 0.776743 0.178014 0.780958 0.171115 0.786015 0.184913 0.788544 0.184913 0.793602 0.196411 0.794444 0.230906 0.791916 0.244669 0.790230 0.253868 0.786858 0.253868 0.783487 0.235505 0.782644 0.221707 0.777586 0.219408 0.775057 0.240105 0.772529 0.246969 0.768314 0.246969 0.762414 0.253868 0.759055 0.258467 0.754840 0.258467 0.751469 0.258467
0 0.806232 0.272265 0.804547 0.253868 0.804547 0.233206 0.804547 0.214808 0.807075 0.196411 0.811290 0.196411 0.816347 0.207909 0.815504 0.235505 0.815504 0.253868 0.814662 0.265366
0 0.819719 0.246969 0.825619 0.251568 0.833193 0.267666 0.834036 0.267666 0.837407 0.251568 0.839936 0.233206 0.840779 0.217108 0.840779 0.205610 0.837407 0.198711 0.827305 0.198711 0.822248 0.203310 0.820562 0.214808 0.820562 0.230906
0 0.336909 0.384913 0.337752 0.403310 0.350383 0.401010 0.350383 0.382613 0.347011 0.364216 0.346169 0.345819 0.346169 0.343519 0.343653 0.336620 0.339438 0.338920 0.331852 0.352718 0.327637 0.364216 0.328480 0.368815 0.334381 0.375714
0 0.781801 0.327456 0.782644 0.320557 0.785172 0.306760 0.788544 0.290662 0.792759 0.283763 0.797803 0.292962 0.798646 0.313659 0.798646 0.332056 0.792759 0.338920 0.786858 0.336620
0 0.456667 0.313345 0.456667 0.301847 0.455964 0.284599 0.451047 0.276934 0.449681 0.259582 0.451086 0.250174 0.455300 0.242509 0.459515 0.244251 0.463691 0.269268 0.465798 0.288432 0.467905 0.311429 0.467905 0.321010 0.465798 0.326760 0.459476 0.324843
0 0.355556 0.372718 0.359770 0.370801 0.363985 0.355505 0.363985 0.342091 0.363282 0.332509 0.355556 0.321010 0.354151 0.321010 0.349234 0.332509 0.349234 0.351672 0.353448 0.368885
0 0.849745 0.261603 0.848774 0.245645 0.848774 0.233693 0.848774 0.224355 0.849259 0.209721 0.854138 0.203066 0.857063 0.213728 0.856577 0.231010 0.858033 0.241672 0.857063 0.253624 0.855109 0.252300 0.852669 0.258955
0 0.869745 0.246063 0.870230 0.239408 0.870230 0.231429 0.868761 0.219443 0.868276 0.210139 0.868276 0.204808 0.869745 0.195505 0.871686 0.187526 0.876564 0.188850 0.876564 0.199477 0.876564 0.210139 0.875594 0.214111 0.874623 0.218118 0.876079 0.232753 0.876079 0.239408 0.874623 0.246063 0.873640 0.248711
0 0.888276 0.227422 0.884368 0.223449 0.884368 0.218118 0.884368 0.208815 0.885351 0.196829 0.886807 0.194181 0.891201 0.196829 0.891201 0.200836 0.891201 0.208815 0.890702 0.215470 0.889246 0.222091
0 0.960434 0.215470 0.958493 0.208815 0.957510 0.196829 0.957024 0.184843 0.958978 0.178223 0.961903 0.176864 0.964342 0.176864 0.964828 0.187526 0.964342 0.199477 0.963857 0.206132
0 0.702682 0.260035 0.705019 0.242474 0.705019 0.224913 0.703857 0.202544 0.705607 0.178606 0.708531 0.184983 0.711456 0.210523 0.712631 0.223310 0.710856 0.248780 0.710881 0.266411 0.705019 0.266411
0 0.377458 0.362195 0.375121 0.347840 0.379808 0.343031 0.382146 0.343031 0.382146 0.327073 0.383895 0.322265 0.387407 0.328676 0.387407 0.339826 0.387407 0.352613 0.387407 0.363798 0.383895 0.363798 0.379808 0.365401
