0 0.114789 0.231359 0.111980 0.214111 0.114074 0.200697 0.118289 0.214111 0.118289 0.219861
0 0.603678 0.524216 0.609745 0.507666 0.619847 0.493868 0.638046 0.488362 0.649170 0.493868 0.662324 0.474564 0.679502 0.471812 0.691635 0.471812 0.705798 0.482822 0.707816 0.491115 0.699732 0.510418 0.688608 0.510418 0.679502 0.518711 0.668391 0.532509 0.657267 0.538014 0.651201 0.538014 0.640077 0.543519 0.630971 0.546272 0.618838 0.546272 0.610754 0.543519
0 0.666450 0.452021 0.672350 0.440557 0.676564 0.433659 0.684138 0.438258 0.690881 0.440557 0.696782 0.433659 0.702682 0.433659 0.696782 0.449721 0.690038 0.449721 0.681609 0.452021 0.676564 0.456620 0.668978 0.458920
0 0.887203 0.546307 0.889732 0.534808 0.896475 0.539408 0.896475 0.539408 0.897318 0.546272 0.904061 0.546272 0.907433 0.541707 0.907433 0.530209 0.904061 0.511812 0.898161 0.514111 0.895632 0.518711 0.894789 0.514111 0.888046 0.507213 0.883001 0.514111 0.882158 0.527909 0.883844 0.534808
0 0.621788 0.456620 0.626845 0.447456 0.632746 0.438258 0.639489 0.433659 0.645377 0.426760 0.646220 0.433659 0.646220 0.442857 0.642018 0.456620 0.639489 0.458920 0.634432 0.468118 0.631060 0.470418 0.625160 0.470418
0 0.289808 0.321010 0.294866 0.323310 0.299068 0.330209 0.302439 0.348606 0.302439 0.355470 0.299068 0.357770 0.297382 0.353206 0.294023 0.350906 0.294023 0.350906 0.291494 0.339408
0 0.240932 0.295714 0.243461 0.284216 0.248519 0.291115 0.251890 0.302613 0.253576 0.321010 0.253576 0.330209 0.251047 0.334808 0.247676 0.330209 0.245990 0.321010 0.245990 0.316411 0.243461 0.307213
0 0.056398 0.210662 0.056398 0.189965 0.056398 0.173868 0.057241 0.169268 0.060613 0.157805 0.066513 0.183066 0.067356 0.208362 0.067356 0.229059 0.063985 0.242857 0.060664 0.233798 0.058084 0.219861
0 0.191392 0.276934 0.190690 0.259721 0.189987 0.244390 0.189987 0.232892 0.193499 0.234808 0.197011 0.259721 0.197011 0.269268 0.196309 0.276934
0 0.020690 0.217944 0.022095 0.202613 0.022095 0.181533 0.022797 0.164321 0.025607 0.160488 0.027714 0.177700 0.028416 0.193031 0.028416 0.210279 0.023499 0.221777
0 0.104955 0.248606 0.104253 0.237108 0.104253 0.227526 0.103550 0.210279 0.102146 0.202613 0.104253 0.196864 0.107063 0.206446 0.111980 0.237108 0.110575 0.248606
0 0.007356 0.217944 0.008059 0.208362 0.008059 0.194948 0.007356 0.185366 0.006654 0.170035 0.006654 0.168118 0.014368 0.164321 0.017178 0.160488 0.015070 0.185366 0.015070 0.200697 0.013665 0.208362 0.011558 0.212195
0 0.088799 0.183449 0.088799 0.164321 0.091609 0.171951 0.093716 0.173868 0.097229 0.181533 0.097229 0.187282 0.094419 0.191115 0.092312 0.191115
0 0.528851 0.502613 0.538966 0.514111 0.547382 0.525610 0.557497 0.525610 0.565083 0.525610 0.573512 0.521010 0.578570 0.509512 0.584457 0.498014 0.587829 0.491115 0.592043 0.481916 0.597101 0.472718 0.599630 0.461220 0.599630 0.442857 0.598787 0.419861 0.592043 0.410662 0.583614 0.403763 0.580255 0.406063 0.581086 0.422160 0.585300 0.429059 0.589515 0.440557 0.589515 0.458920 0.586986 0.470418 0.578570 0.463519 0.571826 0.461220 0.563397 0.461220 0.553282 0.461220 0.544866 0.456620 0.533065 0.452021 0.518736 0.442857 0.509476 0.435958 0.508633 0.435958 0.504419 0.417561 0.501890 0.410662 0.498519 0.408362 0.494304 0.401463 0.489246 0.399164 0.482503 0.389965 0.469872 0.385366 0.466501 0.380767 0.459757 0.380767 0.455543 0.380767 0.442899 0.380767 0.434483 0.380767 0.434483 0.380767 0.439540 0.389965 0.447114 0.396864 0.458914 0.399164 0.468186 0.406063 0.481660 0.417561 0.481660 0.431359 0.479974 0.452021 0.474930 0.481916 0.471558 0.511812 0.469872 0.543972 0.477446 0.543972 0.489246 0.550871 0.496833 0.555470 0.503576 0.550871 0.508633 0.534808 0.510319 0.523310 0.513678 0.516411 0.521264 0.504913
0 0.438940 0.541220 0.449055 0.529721 0.452427 0.511359 0.450741 0.490662 0.443155 0.483763 0.438940 0.472265 0.436411 0.463066 0.436411 0.437770 0.437254 0.419408 0.436411 0.405610 0.430524 0.398711 0.422095 0.405610 0.417037 0.424007 0.410294 0.435470 0.400192 0.451568 0.376590 0.456167 0.363959 0.446969 0.338672 0.417108 0.314240 0.401010 0.298225 0.391812 0.269579 0.371115 0.251890 0.352718 0.245147 0.345819 0.235032 0.341220 0.223244 0.329756 0.205543 0.320557 0.194585 0.315958 0.173525 0.309059 0.167625 0.306760 0.158352 0.295261 0.148250 0.288362 0.138135 0.279164 0.127178 0.272265 0.123806 0.269965 0.116232 0.269965 0.104432 0.269965 0.099374 0.269965 0.087586 0.265366 0.075785 0.258467 0.070728 0.265366 0.063985 0.269965 0.063985 0.276864 0.067356 0.286063 0.071571 0.295261 0.069885 0.306760 0.063142 0.309059 0.061456 0.306760 0.057241 0.281463 0.049668 0.260767 0.041239 0.253868 0.034496 0.253868 0.022695 0.256167 0.017650 0.258467 0.010907 0.260767 0.009221 0.265366 0.006692 0.286063 0.006692 0.313659 0.006692 0.332056 0.021852 0.364216 0.030281 0.364216 0.053040 0.371115 0.072414 0.382613 0.089259 0.387213 0.107803 0.389512 0.134764 0.410209 0.156679 0.414808 0.175211 0.419408 0.187854 0.428606 0.209757 0.446969 0.224087 0.446969 0.239246 0.451568 0.251047 0.467666 0.273793 0.474564 0.289808 0.486063 0.308340 0.492962 0.325198 0.492962 0.334457 0.495261 0.344572 0.499861 0.363959 0.506760 0.379119 0.518258 0.406922 0.525122 0.422095 0.534321
