0 0.593142 0.658467 0.593985 0.623972 0.596513 0.598711 0.601571 0.580314 0.611673 0.561916 0.617573 0.571115 0.623474 0.566516 0.630217 0.552718 0.636960 0.550418 0.639489 0.561916 0.649591 0.550418 0.658863 0.538920 0.662235 0.568815 0.658020 0.584913 0.651277 0.601010 0.641175 0.626272 0.632746 0.651568 0.626845 0.663066 0.620945 0.672265 0.611622 0.681533 0.600728 0.681463
0 0.518991 0.686063 0.521520 0.665366 0.526577 0.649268 0.540894 0.617108 0.545109 0.610209 0.565338 0.594111 0.582184 0.573415 0.583870 0.594111 0.581341 0.626272 0.576284 0.653868 0.567867 0.672265 0.560281 0.683763 0.545977 0.700000 0.535888 0.711498 0.524049 0.702160
0 0.218774 0.723310 0.234777 0.707213 0.238991 0.686516 0.255006 0.675017 0.274381 0.668118 0.291239 0.656620 0.312299 0.640523 0.329157 0.619861 0.340102 0.601463 0.355275 0.601463 0.371290 0.601463 0.387292 0.608362 0.403308 0.608362 0.415939 0.594564 0.425211 0.585366 0.450485 0.615261 0.460600 0.629059 0.465658 0.642822 0.479132 0.668118 0.479974 0.688815 0.475773 0.711812 0.462286 0.727909 0.447957 0.732509 0.435326 0.739373 0.415939 0.741672 0.404151 0.741672 0.395722 0.746272 0.382235 0.748571 0.367918 0.732509 0.356960 0.730209 0.340102 0.739373 0.328314 0.750871 0.319885 0.750871 0.307241 0.750871 0.295453 0.757770 0.285338 0.762369 0.271852 0.762369 0.261750 0.762369 0.255006 0.762369 0.238148 0.753171 0.233934 0.750871 0.226360 0.746272
0 0.727957 0.492962 0.729642 0.463066 0.731328 0.433171 0.735543 0.440070 0.735543 0.465366 0.735543 0.483763
0 0.766718 0.688362 0.772618 0.663066 0.770089 0.653868 0.760817 0.644669 0.765875 0.607909 0.768404 0.573415 0.768404 0.545819 0.770089 0.529721 0.776833 0.513659 0.785249 0.525122 0.786092 0.598711 0.784406 0.630871 0.784406 0.660767 0.779361 0.688362 0.772618 0.692962
0 0.864457 0.653868 0.849298 0.640070 0.844240 0.621672 0.841711 0.561916 0.838340 0.534321 0.848455 0.502160 0.856871 0.476864 0.872043 0.506760 0.874572 0.575714 0.874572 0.619373 0.871201 0.653868
0 0.281379 0.642369 0.275479 0.619373 0.272950 0.589512 0.279693 0.584913 0.284751 0.591812 0.290651 0.605610 0.290651 0.628571 0.284751 0.642369
0 0.761660 0.465366 0.749860 0.453868 0.754074 0.428606 0.765875 0.426307 0.772618 0.421707 0.767561 0.442369 0.763346 0.463066
0 0.803793 0.467666 0.805479 0.437770 0.810536 0.410209 0.814751 0.394111 0.825696 0.382613 0.825696 0.396411 0.824853 0.417108 0.815594 0.446969 0.812222 0.456167
0 0.780204 0.476864 0.782720 0.449268 0.784406 0.414808 0.791149 0.401010 0.802107 0.398711 0.797050 0.428606 0.794521 0.456167 0.788621 0.481463
0 0.668135 0.504460 0.668978 0.474564 0.676564 0.467666 0.677407 0.499861 0.673193 0.506760
0 0.672350 0.679164 0.672350 0.653868 0.669821 0.626272 0.668978 0.594111 0.676564 0.552718 0.686667 0.534321 0.691724 0.552718 0.696782 0.561916 0.706897 0.548118 0.716156 0.529721 0.725428 0.529721 0.733014 0.520557 0.745658 0.515958 0.753231 0.518258 0.758289 0.522857 0.760026 0.536585 0.759974 0.578014 0.758289 0.619373 0.755760 0.651568 0.749860 0.665366 0.743972 0.665366 0.740600 0.623972 0.731328 0.635470 0.723742 0.656167 0.715313 0.674564 0.702682 0.692962 0.696782 0.697561 0.685824 0.670035
