0 0.366271 0.443659 0.365249 0.407735 0.365249 0.374564 0.365249 0.341394 0.370319 0.333101 0.383487 0.363484 0.390587 0.377317 0.404764 0.388362 0.412874 0.382857 0.421992 0.360732 0.427063 0.333101 0.431111 0.308223 0.433142 0.286098 0.444278 0.244634 0.455428 0.219756 0.464547 0.208711 0.488863 0.205958 0.501022 0.211463 0.516220 0.228049 0.531418 0.247422 0.540536 0.269512 0.543576 0.291638 0.542554 0.330348 0.537497 0.371777 0.534457 0.424321 0.529387 0.479582 0.527356 0.507247 0.524317 0.529338 0.519259 0.545923 0.510140 0.565296 0.498991 0.570801 0.483793 0.576341 0.465556 0.584634 0.443269 0.592927 0.431111 0.601220 0.419962 0.606760 0.400715 0.590174 0.392605 0.570801 0.387548 0.545923 0.379438 0.521045 0.374368 0.496167 0.372350 0.474077
0 0.968455 0.255575 0.971980 0.247909 0.973384 0.247909 0.975492 0.249826 0.978301 0.261359 0.978301 0.270941 0.974789 0.270941 0.969157 0.267108
0 0.696169 0.290139 0.698978 0.276690 0.701801 0.282474 0.701801 0.292056 0.699681 0.297805
0 0.955785 0.290139 0.950868 0.286307 0.949464 0.267108 0.955083 0.255575 0.962120 0.251742 0.962822 0.278606 0.955798 0.288223
0 0.924840 0.297805 0.922720 0.274774 0.932580 0.265192 0.933985 0.288223 0.931162 0.305505
0 0.815070 0.472509 0.812963 0.457143 0.812261 0.439861 0.810856 0.414913 0.813665 0.395714 0.817893 0.389965 0.819298 0.380348 0.819298 0.351568 0.824930 0.345819 0.831954 0.357317 0.831954 0.393798 0.831954 0.428328 0.831954 0.453310 0.827739 0.470557 0.820702 0.478258
0 0.222644 0.578084 0.222644 0.560801 0.220536 0.537770 0.226871 0.524321 0.233908 0.522404 0.240243 0.524321 0.235313 0.551185 0.236015 0.562718 0.231098 0.572300
0 0.136807 0.672125 0.138927 0.658676 0.145249 0.651010 0.158621 0.651010 0.169183 0.645261 0.176922 0.643345 0.183244 0.643345 0.186769 0.643345 0.195211 0.670209 0.193806 0.675958 0.183946 0.675958 0.178327 0.674042 0.169885 0.668293 0.158621 0.672125 0.148774 0.677875
0 0.227573 0.603031 0.233908 0.593415 0.240243 0.585749 0.244457 0.589582 0.252899 0.606864 0.256424 0.627979 0.256424 0.637561 0.253614 0.651010 0.251494 0.651010 0.238838 0.629895 0.232503 0.622230
0 0.304266 0.457143 0.305670 0.447526 0.309195 0.441777 0.312708 0.443693 0.314815 0.462892 0.317637 0.476341 0.316935 0.482091 0.316232 0.484007 0.313410 0.480174 0.311303 0.476341 0.308493 0.466725
0 0.315530 0.430279 0.320447 0.418746 0.323972 0.428328 0.330294 0.441777 0.331673 0.457143 0.328225 0.470732 0.325415 0.463066 0.319029 0.449477
0 0.336654 0.386063 0.340153 0.378432 0.346488 0.380348 0.352107 0.389965 0.356335 0.399547 0.355632 0.412997 0.350702 0.414913 0.347190 0.411080 0.341558 0.401463 0.336628 0.395714
0 0.848851 0.330453 0.848851 0.317003 0.848851 0.311254 0.850255 0.292056 0.852363 0.282474 0.858748 0.280488 0.860102 0.301638 0.857292 0.322753 0.856590 0.326620
0 0.789042 0.313171 0.789042 0.307422 0.791149 0.301638 0.794674 0.297805 0.794674 0.280523 0.796079 0.280523 0.799591 0.295889 0.802414 0.301638 0.798186 0.318920 0.793257 0.324704
0 0.606667 0.286481 0.609489 0.280732 0.614406 0.269199 0.616526 0.284564 0.615109 0.299930 0.611596 0.298014
0 0.780153 0.491742 0.780153 0.477944 0.780153 0.447526 0.785211 0.417143 0.787241 0.397770 0.790281 0.370139 0.790281 0.353554 0.801418 0.342509 0.805479 0.345261 0.797369 0.364599 0.802439 0.389477 0.802439 0.433728 0.800409 0.464111 0.793321 0.500035 0.788250 0.502822
0 0.405275 0.301045 0.409323 0.295505 0.414393 0.287213 0.423512 0.287213 0.421481 0.314843 0.418442 0.331429 0.417433 0.334216 0.409323 0.339721 0.404266 0.336969 0.404215 0.320209
0 0.267484 0.596794 0.269515 0.574669 0.274572 0.555331 0.287752 0.544286 0.302937 0.555331 0.310038 0.544286 0.317126 0.524913 0.330294 0.511115 0.339413 0.500035 0.354610 0.497282 0.380958 0.580209 0.391086 0.594042 0.393116 0.621672 0.377918 0.629965 0.367791 0.638258 0.362720 0.657596 0.355632 0.665889 0.337395 0.663136 0.323206 0.654843 0.313078 0.649303 0.298889 0.649303 0.293831 0.646551 0.287752 0.638258 0.273563 0.624425
0 0.534955 0.524913 0.536986 0.491742 0.541034 0.450279 0.541034 0.430941 0.543065 0.386725 0.549144 0.345261 0.553193 0.323136 0.565351 0.278920 0.580549 0.270627 0.599808 0.295505 0.607905 0.320383 0.622095 0.320383 0.636271 0.317631 0.654508 0.306551 0.673768 0.306551 0.689974 0.309338 0.719361 0.309338 0.737599 0.314843 0.759885 0.320383 0.775083 0.336969 0.779132 0.361847 0.779132 0.414355 0.772043 0.469652 0.769004 0.488990 0.760894 0.505575 0.749757 0.524913 0.730498 0.530453 0.717331 0.530453 0.701124 0.530453 0.683895 0.530453 0.666667 0.530453 0.649451 0.541498 0.639310 0.547038 0.627165 0.547038 0.613985 0.549791 0.606897 0.552578 0.596769 0.552578 0.583589 0.555331 0.570421 0.563624 0.550153 0.569164 0.547114 0.569164 0.541034 0.538746
