0 0.941290 0.337178 0.929157 0.312369 0.932184 0.284774 0.943308 0.287526 0.948365 0.298571 0.951392 0.317875
0 0.928148 0.519268 0.939259 0.497178 0.951392 0.475122 0.958480 0.430976 0.956450 0.403380 0.945326 0.389617 0.932184 0.417178 0.923091 0.417178 0.920051 0.384077 0.912976 0.331672 0.898825 0.337178 0.892759 0.364774 0.892759 0.403380 0.881635 0.422718 0.866462 0.444774 0.866462 0.494425 0.874547 0.527526 0.884662 0.552369 0.885670 0.555122 0.897803 0.552369 0.907918 0.533031 0.913985 0.524774 0.922082 0.519268
0 0.570204 0.221324 0.572222 0.202021 0.582337 0.196516 0.583346 0.215819 0.575262 0.226829
0 0.745134 0.287526 0.749170 0.259930 0.759285 0.251672 0.765351 0.254425 0.758276 0.290279 0.755236 0.298571
0 0.811865 0.544077 0.819949 0.516481 0.822989 0.483380 0.822989 0.458571 0.826015 0.422718 0.831073 0.395122 0.845236 0.384077 0.864444 0.411672 0.864444 0.455819 0.865453 0.508223 0.869502 0.546829 0.866462 0.577178 0.852312 0.568920 0.849272 0.546829 0.842197 0.546829 0.835121 0.552369 0.819949 0.555122
0 0.780524 0.472369 0.780524 0.442021 0.780524 0.403380 0.793665 0.375819 0.805798 0.359268 0.818940 0.353728 0.829055 0.350976 0.821980 0.386829 0.815913 0.439268 0.811865 0.466829 0.806807 0.505470 0.799732 0.516481 0.789617 0.505470 0.785568 0.497178
0 0.739068 0.502718 0.741086 0.453031 0.744112 0.400627 0.752209 0.362021 0.764342 0.345470 0.775466 0.359268 0.767369 0.411672 0.760294 0.433728 0.758276 0.477875 0.758276 0.508223 0.748161 0.522021
0 0.702656 0.494425 0.699630 0.433728 0.699630 0.408920 0.699630 0.359268 0.708723 0.337178 0.730971 0.337178 0.737037 0.370279 0.735019 0.430976 0.730971 0.455819 0.722886 0.494425 0.710754 0.502718
0 0.617727 0.494425 0.616718 0.455819 0.626833 0.419930 0.635926 0.381324 0.636935 0.334425 0.652107 0.304077 0.669298 0.295819 0.686488 0.295819 0.692554 0.323380 0.694572 0.395122 0.692554 0.442021 0.682439 0.469582 0.674355 0.491672 0.658174 0.519268 0.644023 0.524774 0.633908 0.516481
0 0.546948 0.483380 0.552005 0.430976 0.552005 0.392369 0.552005 0.353728 0.553014 0.304077 0.565147 0.257178 0.574253 0.248920 0.594470 0.243380 0.607612 0.262718 0.612669 0.315122 0.612669 0.328920 0.611660 0.364774 0.608633 0.411672 0.604585 0.453031 0.596488 0.491672 0.590421 0.508223 0.575262 0.510976 0.565147 0.499930 0.546948 0.488920
0 0.443819 0.483380 0.455951 0.472369 0.466054 0.483380 0.480217 0.486132 0.495377 0.488920 0.511558 0.488920 0.525722 0.477875 0.534815 0.455819 0.538863 0.430976 0.543921 0.378571 0.544930 0.356481 0.549987 0.315122 0.550996 0.259930 0.552005 0.224077 0.552005 0.202021 0.528748 0.155122 0.519655 0.144077 0.504483 0.141324 0.484266 0.138571 0.471111 0.146829 0.459987 0.207526 0.457969 0.254425 0.461009 0.301324 0.459987 0.348223 0.451903 0.373031 0.448876 0.367526 0.446845 0.323380 0.447854 0.293066 0.447854 0.254425 0.448876 0.229617 0.444828 0.196516 0.427637 0.213066 0.423589 0.251672 0.418531 0.279268 0.408429 0.282021 0.404381 0.270976 0.391239 0.232369 0.379106 0.282021 0.373040 0.309617 0.362925 0.317875 0.349783 0.337178 0.341686 0.353728 0.330575 0.370279 0.318429 0.384077 0.306296 0.397875 0.297203 0.408920 0.287088 0.419930 0.280013 0.436481 0.267880 0.461324 0.264840 0.469582 0.266871 0.494425 0.280013 0.516481 0.298212 0.522021 0.317420 0.505470 0.333602 0.455819 0.343716 0.417178 0.353819 0.403380 0.358876 0.403380 0.363934 0.436481 0.376066 0.455819 0.399323 0.439268 0.406398 0.453031 0.421571 0.483380 0.431686 0.486132 0.436731 0.483380
0 0.328544 0.301324 0.329553 0.284774 0.337650 0.282021 0.344725 0.312369 0.342708 0.328920 0.336641 0.326167
