0 0.088978 0.330139 0.075607 0.326829 0.068327 0.353310 0.069553 0.379791 0.069553 0.383101 0.068327 0.379791 0.080473 0.379791 0.084112 0.369861 0.087752 0.359930 0.091392 0.353310
0 0.797561 0.578397 0.783001 0.568467 0.781788 0.568467 0.773295 0.561847 0.766015 0.558537 0.744176 0.568467 0.733257 0.568467 0.727190 0.568467 0.710204 0.601568 0.702925 0.628049 0.701711 0.661150 0.701711 0.697561 0.702925 0.707491 0.715057 0.714111 0.728404 0.704181 0.742963 0.704181 0.758736 0.694251 0.767229 0.694251 0.773295 0.690941 0.785428 0.684321 0.795134 0.667770 0.799987 0.634669 0.799987 0.604878
0 0.704138 0.588328 0.699285 0.555226 0.671379 0.522125 0.666526 0.522125 0.653180 0.525436 0.634981 0.525436 0.602222 0.508885 0.585185 0.525436 0.575530 0.555226 0.575530 0.601568 0.568238 0.654530 0.563384 0.677700 0.557318 0.700871 0.554891 0.730662 0.563384 0.727352 0.581596 0.694251 0.590089 0.694251 0.599796 0.697561 0.602222 0.704181 0.604649 0.720732 0.621635 0.724042 0.636194 0.710801 0.647114 0.700871 0.661673 0.700871 0.668953 0.704181 0.677446 0.671080 0.695645 0.624739
0 0.490587 0.475784 0.485734 0.462544 0.477241 0.462544 0.466322 0.445993 0.449336 0.445993 0.444483 0.475784 0.444483 0.508885 0.442056 0.518815 0.437203 0.532056 0.432350 0.545296 0.434777 0.591638 0.440843 0.621429 0.449336 0.644599 0.457829 0.644599 0.462682 0.624739 0.468748 0.598258 0.477241 0.578397 0.484521 0.555226 0.489374 0.528746 0.491801 0.492334
0 0.181188 0.462544 0.181188 0.485714 0.181188 0.498955 0.188467 0.525436 0.190894 0.551916 0.194534 0.568467 0.203027 0.598258 0.211520 0.604878 0.216373 0.598258 0.216373 0.571777 0.213921 0.548432 0.212771 0.532056 0.207918 0.505575 0.204215 0.485714 0.196960 0.475784 0.186041 0.462544
0 0.552465 0.469164 0.541545 0.462544 0.525773 0.462544 0.508787 0.472474 0.499080 0.528746 0.496654 0.558537 0.495441 0.618118 0.494227 0.647909 0.494227 0.677700 0.495441 0.700871 0.501507 0.714111 0.508787 0.727352 0.517280 0.700871 0.523346 0.677700 0.531839 0.651220 0.541545 0.628049 0.552465 0.598258 0.560958 0.571777 0.569451 0.545296 0.574304 0.525436 0.577957 0.512195 0.573091 0.495645 0.568199 0.488850 0.563384 0.482404
0 0.165415 0.465854 0.162963 0.465854 0.158135 0.449303 0.150856 0.445993 0.143576 0.459233 0.137510 0.498955 0.141149 0.541986 0.155709 0.558537 0.165415 0.565157 0.176335 0.571777 0.186041 0.588328 0.190894 0.578397 0.186079 0.548432 0.181226 0.535192 0.175121 0.505575 0.170268 0.485714
0 0.917688 0.548606 0.910409 0.545296 0.900702 0.558537 0.889783 0.585017 0.889783 0.601568 0.892209 0.624739 0.901916 0.624739 0.911622 0.614808 0.918902 0.594948 0.923755 0.565157
0 0.079259 0.406272 0.070766 0.416202 0.064700 0.426132 0.062273 0.449303 0.061060 0.472474 0.065913 0.492334 0.070766 0.515505 0.076833 0.532056 0.084112 0.545296 0.087752 0.538676 0.087752 0.528746 0.086539 0.508885 0.084112 0.495645 0.081686 0.479094 0.081686 0.459233 0.080473 0.439373 0.081686 0.419512
0 0.257625 0.442683 0.262478 0.455923 0.268544 0.479094 0.268544 0.498955 0.266117 0.512195 0.258838 0.505575 0.251558 0.492334 0.251558 0.479094 0.251558 0.469164 0.251558 0.442683
0 0.171481 0.376481 0.176335 0.376481 0.181188 0.389721 0.184828 0.409582 0.183614 0.422822 0.181188 0.422822 0.173908 0.419512 0.171481 0.409582 0.171481 0.386411
0 0.338927 0.492334 0.340140 0.495645 0.343780 0.508885 0.343780 0.525436 0.340140 0.538676 0.335287 0.538676 0.332848 0.528746 0.332848 0.508885 0.332848 0.495645
