0 0.467510 0.316411 0.470881 0.316411 0.473410 0.316411 0.475939 0.316411 0.478378 0.330209 0.478378 0.341707 0.475939 0.350906 0.473410 0.350906 0.472567 0.350906 0.471724 0.344007 0.468352 0.332509 0.466667 0.325610
0 0.457395 0.311812 0.455632 0.321010 0.453180 0.321010 0.451418 0.321010 0.448135 0.323310 0.443921 0.330209 0.443921 0.330209 0.448135 0.334808 0.451418 0.339408 0.453180 0.344007 0.456552 0.346307 0.461533 0.353206 0.460664 0.334843 0.461558 0.325436 0.461558 0.320906
0 0.362184 0.472718 0.366398 0.479617 0.374828 0.486516 0.378199 0.495714 0.380715 0.502613 0.380715 0.511812 0.380715 0.523310 0.379872 0.527909 0.378199 0.537108 0.373052 0.534808 0.371456 0.530209 0.367241 0.523310 0.365556 0.518711 0.364623 0.507213 0.363870 0.495714 0.362937 0.479617
0 0.438020 0.378467 0.443921 0.376167 0.449808 0.378467 0.450651 0.383066 0.448978 0.394564 0.448135 0.399164 0.446450 0.403763 0.443921 0.415261 0.441303 0.417561 0.440549 0.417561 0.440549 0.408362 0.439706 0.396864 0.438020 0.389965
0 0.391596 0.401463 0.395798 0.406063 0.400013 0.426760 0.400013 0.449721 0.395798 0.454321 0.395798 0.454321 0.394202 0.447456 0.393359 0.429059 0.392516 0.424460 0.392516 0.387666
0 0.418467 0.366969 0.410038 0.380767 0.408352 0.401463 0.410089 0.426829 0.415096 0.440557 0.419310 0.447456 0.422682 0.452021 0.426054 0.452021 0.430268 0.461220 0.436169 0.461220 0.438697 0.454321 0.438697 0.449721 0.437854 0.433659 0.436169 0.417561 0.431111 0.399164 0.427739 0.396864 0.420996 0.389965 0.420996 0.376167
0 0.654330 0.394007 0.646245 0.405052 0.644215 0.413310 0.641188 0.432648 0.640179 0.440906 0.640179 0.443659 0.649272 0.435401 0.651303 0.429861 0.655338 0.424355 0.657369 0.413310
0 0.602759 0.360906 0.596692 0.377456 0.596692 0.388502 0.601750 0.399547 0.604789 0.399547 0.606807 0.399547 0.607816 0.391254 0.607816 0.369199
0 0.479413 0.435401 0.478391 0.443659 0.476373 0.454704 0.472324 0.460209 0.468289 0.465749 0.467267 0.482300 0.467267 0.507108 0.468289 0.531951 0.471315 0.545749 0.472324 0.551254 0.476373 0.562300 0.480421 0.570557 0.483448 0.573310 0.493614 0.570732 0.500639 0.565052 0.501648 0.542962 0.500639 0.518153 0.499630 0.501603 0.497612 0.482300 0.492554 0.457456 0.490524 0.451951 0.486488 0.435401 0.483448 0.429861
0 0.614891 0.462997 0.605798 0.468502 0.601750 0.482300 0.601750 0.498850 0.601750 0.520906 0.600741 0.542962 0.604789 0.562300 0.614891 0.567805 0.618940 0.565052 0.625006 0.551254 0.626015 0.534704 0.626015 0.520906 0.625006 0.501603 0.621980 0.485052 0.619949 0.471254
0 0.529962 0.341603 0.516820 0.352648 0.512771 0.366411 0.509745 0.380209 0.509745 0.407805 0.512771 0.440906 0.512771 0.476760 0.513780 0.501603 0.515811 0.529199 0.518838 0.542962 0.522886 0.556760 0.524904 0.556760 0.527944 0.554007 0.531980 0.529199 0.537037 0.509861 0.545134 0.537456 0.550179 0.551254 0.553218 0.551254 0.560294 0.554007 0.568391 0.540209 0.573436 0.529199 0.577484 0.501603 0.576501 0.465854 0.575479 0.449129 0.573436 0.427178 0.567433 0.404878 0.559285 0.391254 0.553218 0.380209 0.545134 0.360906 0.542095 0.352648 0.529962 0.347108
