0 0.201252 0.419164 0.205466 0.405366 0.214725 0.409965 0.218940 0.444460 0.218940 0.458258 0.218940 0.462857 0.213040 0.462857 0.205466 0.458258 0.202937 0.453659 0.201252 0.437561
0 0.223997 0.409965 0.230741 0.416864 0.233269 0.421463 0.236641 0.449059 0.237420 0.460627 0.235760 0.469686 0.229898 0.467456 0.229055 0.451359 0.226526 0.435261 0.222312 0.423763
0 0.353755 0.380070 0.358812 0.373171 0.365556 0.382369 0.368927 0.398467 0.368927 0.407666 0.363870 0.412265 0.357969 0.403066 0.353755 0.396167
0 0.389144 0.389268 0.396731 0.377770 0.406845 0.377770 0.409374 0.403066 0.410217 0.421463 0.406845 0.428362 0.400945 0.428362 0.391673 0.412265 0.389144 0.393868
0 0.676475 0.476620 0.667203 0.485819 0.663831 0.492718 0.660460 0.504216 0.656258 0.520314 0.654572 0.527213 0.654572 0.536411 0.663857 0.536237 0.669732 0.531707 0.675607 0.527178 0.683269 0.522648 0.688276 0.511115 0.689119 0.501916 0.688276 0.488118 0.684061 0.478920
0 0.522273 0.357108 0.521430 0.366307 0.521430 0.389268 0.521430 0.414564 0.521430 0.439861 0.521430 0.460557 0.520587 0.476620 0.520587 0.488118 0.520587 0.515714 0.524777 0.536237 0.528991 0.534146 0.533231 0.522613 0.535760 0.515714 0.539132 0.497317 0.548404 0.495017 0.558506 0.499617 0.561877 0.488118 0.566092 0.474321 0.566092 0.449059 0.565249 0.426063 0.561877 0.414564 0.555977 0.403066 0.549246 0.393868 0.545032 0.384669 0.539132 0.377770 0.530702 0.366307 0.528174 0.364007
0 0.453014 0.346307 0.456386 0.321010 0.471558 0.298014 0.490089 0.300314 0.497676 0.311812 0.501890 0.337108 0.504419 0.353206 0.506105 0.371568 0.507791 0.394564 0.508633 0.419861 0.511162 0.452021 0.511992 0.475017 0.512835 0.504913 0.512835 0.518711 0.511162 0.530209 0.507791 0.532509 0.502733 0.532509 0.491775 0.534808 0.484189 0.534808 0.476616 0.534808 0.468186 0.534808 0.459757 0.534808 0.459770 0.530314 0.454789 0.516376 0.453895 0.504878 0.452235 0.493728 0.450447 0.474913 0.449681 0.454355 0.449642 0.429059 0.449642 0.406063 0.449642 0.394564 0.449642 0.378467 0.451328 0.357770
0 0.245900 0.414564 0.250115 0.409965 0.258544 0.426063 0.258544 0.449059 0.254330 0.453659 0.248429 0.453659 0.244215 0.432962
0 0.355441 0.469721 0.363027 0.453659 0.370613 0.453659 0.377356 0.451359 0.384930 0.449059 0.395045 0.453659 0.403474 0.465157 0.407688 0.478920 0.409374 0.492718 0.412746 0.515714 0.414419 0.524913 0.415262 0.543310 0.412746 0.545610 0.404317 0.538711 0.398416 0.536411 0.393359 0.529512 0.387458 0.522613 0.385773 0.520314 0.380715 0.508815 0.370613 0.495017 0.368927 0.492718 0.363027 0.488118 0.355428 0.481185
0 0.411903 0.437561 0.421162 0.437561 0.434649 0.453659 0.442235 0.465157 0.447292 0.478920 0.449808 0.504216 0.449808 0.524913 0.449808 0.534111 0.444764 0.529512 0.435492 0.522613 0.429591 0.518014 0.423691 0.513415 0.420319 0.506516 0.417791 0.497317 0.413589 0.478920 0.411903 0.462857
0 0.417791 0.373171 0.418633 0.364007 0.427063 0.364007 0.435492 0.366307 0.442235 0.405366 0.442235 0.421463 0.440549 0.432962 0.430434 0.428362 0.422848 0.426063 0.420319 0.423763 0.418633 0.412265 0.417791 0.393868
0 0.630971 0.380070 0.625913 0.391568 0.621711 0.400767 0.615811 0.400767 0.617497 0.423693 0.622605 0.428223 0.625032 0.428223 0.629246 0.423693 0.631801 0.421603 0.633499 0.405366 0.633499 0.393868
0 0.220626 0.495017 0.218097 0.483519 0.213883 0.476620 0.210511 0.476620 0.200409 0.469721 0.198723 0.469721 0.191137 0.469721 0.182708 0.469721 0.179336 0.469721 0.184393 0.495017 0.191137 0.492718 0.200409 0.499617 0.205466 0.508815 0.213883 0.513415 0.220626 0.515714
0 0.737982 0.423763 0.741354 0.412265 0.749783 0.419164 0.750626 0.435261 0.743040 0.444460 0.738825 0.442160
