0 0.927126 0.544634 0.932184 0.547387 0.938250 0.555679 0.945326 0.572230 0.948365 0.605331 0.948365 0.610836 0.944317 0.621882 0.941290 0.632892 0.932184 0.627387 0.929157 0.616341 0.926117 0.597038 0.926117 0.580488 0.924100 0.555679
0 0.605594 0.605331 0.609642 0.616341 0.609642 0.635679 0.607612 0.643937 0.603576 0.646690 0.603576 0.652230 0.597510 0.649443 0.597510 0.641185 0.599527 0.630139 0.601545 0.619129 0.604585 0.610836
0 0.979706 0.563937 0.983755 0.577735 0.987803 0.594286 0.987803 0.624634 0.986782 0.632892 0.974649 0.624634 0.974649 0.610836 0.974649 0.594286 0.974649 0.574983
0 0.821660 0.500314 0.816603 0.523310 0.812388 0.525610 0.807331 0.534808 0.807331 0.566969 0.812388 0.578467 0.818289 0.578467 0.822503 0.569268 0.827548 0.560070 0.829234 0.539408 0.829234 0.521010 0.827548 0.502613
0 0.861252 0.502613 0.863780 0.514111 0.869681 0.518711 0.874738 0.539408 0.876424 0.553171 0.876424 0.569268 0.869681 0.571568 0.865466 0.564669 0.863780 0.553171 0.861252 0.527909 0.860409 0.516411
0 0.835134 0.569268 0.830077 0.585366 0.826705 0.601463 0.826705 0.626760 0.829234 0.642822 0.830920 0.654321 0.832605 0.656620 0.839349 0.656620 0.841034 0.656620 0.846092 0.645122 0.849464 0.633659 0.850307 0.619861 0.848621 0.601463 0.843563 0.594564 0.840192 0.587666 0.838506 0.576167
0 0.792158 0.608362 0.784585 0.610662 0.782899 0.635958 0.784585 0.647422 0.791315 0.654321 0.795530 0.661220 0.801430 0.661220 0.803116 0.656620 0.798902 0.624460 0.796373 0.617561
0 0.787114 0.516411 0.789630 0.521010 0.792158 0.530209 0.792158 0.543972 0.792158 0.557770 0.788799 0.566969 0.784585 0.560070 0.783742 0.550871 0.783742 0.534808 0.783742 0.523310
0 0.772784 0.507213 0.775313 0.521010 0.775313 0.532509 0.775313 0.550871 0.774470 0.560070 0.771098 0.571568 0.768570 0.576167 0.766884 0.573868 0.766884 0.560070 0.766884 0.550871 0.766884 0.537108 0.767727 0.527909 0.769413 0.518711 0.771098 0.509512
0 0.910128 0.571568 0.898327 0.573868 0.891596 0.573868 0.883167 0.578467 0.878110 0.587666 0.878953 0.599164 0.880639 0.615261 0.883167 0.633659 0.884853 0.645122 0.888225 0.652021 0.892439 0.654321 0.895798 0.656620 0.899170 0.656620 0.905070 0.654321 0.908442 0.647422 0.911814 0.645122 0.916871 0.642822 0.921086 0.631359 0.921086 0.622160 0.921086 0.599164 0.920243 0.587666 0.916028 0.576167
0 0.746667 0.585366 0.739080 0.587666 0.739080 0.583066 0.733180 0.576167 0.725594 0.578467 0.718863 0.592265 0.715492 0.615261 0.715492 0.647422 0.716335 0.658920 0.722222 0.661220 0.728966 0.663519 0.733180 0.665819 0.737395 0.656620 0.741609 0.645122 0.744981 0.638223 0.750038 0.629059 0.750881 0.624460 0.750881 0.606063 0.750881 0.589965
0 0.576884 0.543972 0.587829 0.543972 0.597101 0.548571 0.600473 0.562369 0.601315 0.571568 0.601315 0.594564 0.597944 0.622160 0.593729 0.640523 0.588672 0.656620 0.581928 0.656620 0.575198 0.656620 0.572669 0.656620 0.565083 0.656620 0.561711 0.652021 0.560868 0.642822 0.560868 0.622160 0.565926 0.603763 0.568455 0.592265 0.570140 0.566969 0.573512 0.553171
0 0.834291 0.491115 0.838506 0.504913 0.841877 0.521010 0.841877 0.532509 0.841034 0.537108 0.836820 0.550871 0.835977 0.553171 0.835134 0.541707 0.833448 0.534808 0.832605 0.521010 0.831762 0.509512 0.831762 0.495714 0.832605 0.486516
0 0.640498 0.550871 0.628697 0.562369 0.621954 0.569268 0.616897 0.583066 0.615223 0.599164 0.618582 0.622160 0.622797 0.633659 0.626169 0.635958 0.629540 0.626760 0.632912 0.615261 0.636284 0.612962 0.637126 0.612962 0.643027 0.612962 0.646398 0.606063 0.646398 0.601463 0.642184 0.592265 0.639655 0.585366 0.640498 0.576167 0.645556 0.571568 0.645556 0.553171
0 0.551098 0.502160 0.541992 0.499408 0.535926 0.496620 0.531877 0.482822 0.530868 0.480070 0.526833 0.480070 0.510651 0.477317 0.496488 0.477317 0.483346 0.477317 0.466156 0.480070 0.458072 0.493868 0.449987 0.510418 0.446948 0.549059 0.449987 0.562822 0.456054 0.579373 0.462120 0.604216 0.471213 0.612509 0.481328 0.618014 0.491443 0.626272 0.504585 0.631812 0.513678 0.631812 0.519745 0.631812 0.527842 0.634564 0.532899 0.645610 0.548059 0.653868 0.554125 0.645610 0.554125 0.631812 0.557165 0.609721 0.561201 0.582160 0.562222 0.560070 0.562222 0.540767 0.562222 0.526969 0.558174 0.507666
0 0.732337 0.454321 0.728123 0.463519 0.723908 0.470418 0.723908 0.481916 0.725594 0.491115 0.734023 0.488815 0.737395 0.484216 0.737395 0.472718 0.734866 0.452021
0 0.728966 0.514111 0.722222 0.525610 0.718863 0.537108 0.711277 0.543972 0.709591 0.555470 0.716335 0.557770 0.719706 0.550871 0.725594 0.539408 0.729808 0.530209 0.731494 0.521010
0 0.702848 0.468118 0.699476 0.479617 0.696105 0.491115 0.696105 0.495714 0.693576 0.509512 0.695262 0.516411 0.698633 0.516411 0.704534 0.511812 0.705377 0.507213 0.705377 0.486516 0.705377 0.477317
0 0.823333 0.580767 0.815760 0.583066 0.809860 0.594564 0.804802 0.608362 0.804802 0.633659 0.810702 0.652021 0.813231 0.658920 0.819132 0.658920 0.819132 0.645122 0.819132 0.633659 0.822503 0.612962 0.824176 0.601463
0 0.691890 0.463519 0.693576 0.484216 0.692733 0.495714 0.691047 0.507213 0.688519 0.514111 0.685160 0.527909 0.681788 0.537108 0.677573 0.532509 0.679259 0.516411 0.681788 0.504913 0.684317 0.493415 0.686833 0.484216 0.688519 0.470418
0 0.656220 0.481916 0.650613 0.483833 0.648506 0.497247 0.647101 0.512578 0.644994 0.525993 0.644994 0.543240 0.650613 0.547038 0.655517 0.543240 0.656220 0.529826 0.656220 0.522160 0.656220 0.510662 0.656922 0.499164 0.658327 0.487666
0 0.635160 0.474634 0.630945 0.484216 0.628135 0.491882 0.625326 0.499547 0.624623 0.516794 0.624623 0.530209 0.624623 0.532125 0.627433 0.528293 0.629540 0.518711 0.633755 0.511045 0.635160 0.505296 0.637969 0.495714 0.637969 0.488049 0.637969 0.474634
0 0.587407 0.463136 0.582490 0.470801 0.578289 0.482300 0.582490 0.491882 0.586705 0.503380 0.588812 0.514878 0.590217 0.518711 0.593027 0.516794 0.593729 0.503380 0.593729 0.495714 0.593729 0.478467 0.591622 0.470801
0 0.568455 0.449756 0.562835 0.459303 0.560728 0.482300 0.562835 0.493798 0.567050 0.491882 0.572669 0.488049 0.573372 0.484216 0.573372 0.470801 0.570562 0.461220
