0 0.650026 0.161951 0.654879 0.161951 0.659732 0.191742 0.653665 0.195052 0.651239 0.188432 0.650026 0.168571
0 0.665798 0.291080 0.669438 0.277840 0.674291 0.281150 0.676718 0.320871 0.675504 0.340732 0.671865 0.340732 0.667011 0.317561 0.667011 0.294390
0 0.688851 0.314251 0.694917 0.317561 0.698557 0.317561 0.692490 0.353972 0.688889 0.357143 0.687637 0.347352 0.688851 0.314251
0 0.147701 0.135470 0.154981 0.132160 0.157407 0.158641 0.157407 0.168571 0.147701 0.168571 0.146488 0.158641
0 0.125862 0.135470 0.131928 0.138780 0.137995 0.168571 0.135568 0.195052 0.134355 0.198362 0.127075 0.178502 0.125862 0.152021
0 0.101584 0.135470 0.108876 0.135470 0.113729 0.138780 0.116156 0.175192 0.116156 0.188432 0.108812 0.191638 0.101533 0.185017 0.100383 0.171882 0.100383 0.142091
0 0.622120 0.301010 0.626973 0.291080 0.635466 0.304321 0.647599 0.340732 0.652452 0.383763 0.652452 0.423484 0.651239 0.453275 0.642746 0.463206 0.626973 0.463206 0.612414 0.463206 0.608774 0.446655 0.608774 0.430105 0.608774 0.400314 0.612414 0.387073 0.616054 0.383763 0.618480 0.373833 0.618480 0.360592 0.618480 0.337422
0 0.424342 0.440035 0.449821 0.436725 0.482580 0.433415 0.509272 0.430105 0.532324 0.410244 0.537178 0.357282 0.540817 0.310941 0.542031 0.261289 0.549310 0.211603 0.549310 0.178502 0.549310 0.145401 0.549310 0.112300 0.548097 0.079199 0.540817 0.046098 0.533538 0.022927 0.522618 0.012997 0.512912 0.012997 0.491073 0.009686 0.486220 0.009686 0.466807 0.012997 0.453461 0.016307 0.441328 0.022927 0.425556 0.032857 0.402503 0.052718 0.389157 0.052718 0.377024 0.056028 0.375811 0.099059 0.375811 0.128850 0.380664 0.155331 0.384304 0.161951 0.383091 0.185122 0.381865 0.224739 0.383142 0.267944 0.387995 0.294425 0.392848 0.317422 0.398851 0.354007 0.403704 0.383624 0.412261 0.423345 0.417114 0.446690
0 0.308570 0.245993 0.327497 0.230105 0.350792 0.218188 0.365351 0.218188 0.374087 0.245993 0.375543 0.281742 0.375543 0.293659 0.372631 0.353240 0.371175 0.385017 0.381367 0.392962 0.385734 0.420767 0.387190 0.440627 0.372631 0.452544 0.362439 0.452544 0.342056 0.440627 0.327497 0.424739 0.308570 0.424739 0.280894 0.420767 0.264879 0.412822 0.215377 0.396934 0.196450 0.381045 0.165875 0.365157 0.136756 0.349268 0.117829 0.333380 0.101814 0.325436 0.084342 0.305575 0.061034 0.301603 0.018812 0.245993 0.027548 0.214216 0.050843 0.206272 0.072695 0.206272 0.093078 0.206272 0.109093 0.230105 0.123653 0.230105 0.144036 0.230105 0.173155 0.238049 0.187714 0.245993 0.209553 0.245993 0.231392 0.257909 0.247407 0.265854 0.253231 0.265854 0.260511 0.249965 0.267791 0.242021 0.279438 0.234077 0.293997 0.226132 0.304189 0.226132
0 0.346692 0.099059 0.355185 0.112300 0.355185 0.148711 0.353972 0.165261 0.347905 0.171882 0.345479 0.161951 0.344266 0.142091 0.344266 0.125540
0 0.552950 0.261289 0.555377 0.251324 0.555377 0.228153 0.555377 0.195052 0.557803 0.161951 0.561443 0.148711 0.568723 0.125540 0.590575 0.135470 0.606347 0.155331 0.609987 0.201672 0.609987 0.254634 0.609987 0.301010 0.609987 0.344042 0.605134 0.387073 0.600281 0.393693 0.594215 0.416864 0.579655 0.433415 0.566296 0.436725 0.554163 0.436725 0.550524 0.430105 0.545670 0.410244 0.545670 0.383763 0.545670 0.360592 0.549310 0.320871 0.551737 0.287770
0 0.283589 0.118920 0.288442 0.132160 0.296935 0.148711 0.299361 0.178502 0.295722 0.204983 0.290868 0.204983 0.287229 0.185122 0.283589 0.168571 0.281162 0.148711 0.281162 0.135470
0 0.318774 0.132160 0.324840 0.125540 0.330907 0.135470 0.332120 0.171882 0.332120 0.195052 0.332120 0.204983 0.322414 0.204983 0.319987 0.185122 0.319987 0.161951
0 0.264176 0.128850 0.271456 0.161951 0.269029 0.201672 0.265390 0.208293 0.258110 0.181812 0.258110 0.168571 0.259323 0.148711
0 0.237484 0.145401 0.244764 0.132160 0.252043 0.142091 0.255683 0.188432 0.255683 0.218223 0.250830 0.218223 0.238697 0.195052 0.237484 0.175192
0 0.213218 0.142091 0.222925 0.148711 0.231418 0.158641 0.231418 0.201672 0.231418 0.211603 0.222925 0.211603 0.216858 0.185122 0.213218 0.165261
0 0.186526 0.132160 0.196232 0.145401 0.197446 0.171882 0.197446 0.188432 0.190166 0.188432 0.187739 0.178502 0.185313 0.158641 0.185313 0.145401
0 0.626973 0.188432 0.634253 0.204983 0.636679 0.248014 0.623333 0.254634 0.623333 0.228153 0.624547 0.191742
0 0.717969 0.350662 0.730102 0.357282 0.730102 0.383763 0.726462 0.393693 0.721609 0.390383 0.720396 0.363902
