0 0.601494 0.274530 0.594215 0.294390 0.588148 0.320871 0.582082 0.350662 0.576015 0.406934 0.576015 0.446655 0.571149 0.489686 0.572363 0.512857 0.579655 0.516167 0.588148 0.516167 0.603921 0.526098 0.611201 0.519477 0.620907 0.496307 0.623333 0.479756 0.629400 0.459895 0.633040 0.433415 0.637893 0.406934 0.640319 0.373833 0.641533 0.334111 0.641533 0.324181 0.633040 0.297700 0.626973 0.284460 0.616054 0.281150 0.609987 0.281150
0 0.721609 0.254634 0.721609 0.284460 0.721609 0.314251 0.715543 0.310941 0.715543 0.281150 0.715543 0.254634
0 0.640319 0.231463 0.641533 0.208293 0.652452 0.221533 0.652452 0.248014 0.648812 0.261289 0.643959 0.261289 0.642746 0.251324
0 0.213218 0.426794 0.218072 0.453275 0.222925 0.476446 0.224138 0.499617 0.224138 0.509547 0.221711 0.502927 0.216858 0.483066 0.210792 0.449965 0.209579 0.440035
0 0.203512 0.443345 0.209579 0.456585 0.213218 0.489686 0.213218 0.516167 0.212005 0.519477 0.207152 0.512857 0.203512 0.476446 0.202299 0.456585
0 0.225351 0.423484 0.232631 0.440035 0.236271 0.469826 0.238697 0.496307 0.236271 0.506237 0.231418 0.496307 0.231418 0.469826 0.227778 0.446655 0.225351 0.430105
0 0.264176 0.406934 0.253257 0.416864 0.250830 0.430105 0.253257 0.459895 0.256897 0.479756 0.260536 0.486376 0.265390 0.479756 0.265390 0.449965 0.267816 0.420174
0 0.286015 0.390383 0.273883 0.393693 0.273883 0.413554 0.273883 0.446655 0.275096 0.476446 0.279949 0.479756 0.287229 0.459895 0.287229 0.436725 0.289655 0.416864
0 0.322414 0.350662 0.315134 0.353972 0.310281 0.370523 0.306641 0.383763 0.310281 0.397003 0.319987 0.387073 0.327267 0.383763 0.330907 0.363902
0 0.395223 0.257979 0.390370 0.241394 0.380664 0.267909 0.370958 0.267909 0.361252 0.277840 0.357612 0.291080 0.357612 0.337422 0.366105 0.350662 0.370958 0.347352 0.375811 0.324181 0.384304 0.297700 0.387944 0.284460 0.394010 0.274530
0 0.294508 0.483066 0.301788 0.440035 0.311494 0.423484 0.328480 0.410244 0.340626 0.397003 0.353972 0.397003 0.361252 0.403624 0.363678 0.426794 0.364891 0.440035 0.369745 0.459895 0.377024 0.479756 0.381877 0.496307 0.386731 0.509547 0.387944 0.522787 0.384304 0.542648 0.375811 0.542648 0.363678 0.542648 0.349119 0.542648 0.336986 0.542648 0.321201 0.542648 0.310281 0.542648 0.301788 0.536028 0.288442 0.526098 0.288442 0.512857
0 0.400077 0.327491 0.394010 0.330801 0.383091 0.350662 0.370958 0.377143 0.368531 0.380453 0.369745 0.433415 0.381877 0.453275 0.390370 0.479756 0.392797 0.492997 0.400077 0.519477 0.409783 0.536028 0.413423 0.536028 0.420702 0.502927 0.424342 0.469826 0.424342 0.446655 0.421916 0.420174 0.417063 0.403624 0.413423 0.380453 0.408570 0.353972 0.404930 0.330801
0 0.418276 0.251324 0.418276 0.218223 0.421916 0.178502 0.434049 0.138780 0.448608 0.105679 0.461954 0.079199 0.481367 0.056028 0.491073 0.039477 0.508059 0.039477 0.533538 0.056028 0.560230 0.089129 0.573576 0.105679 0.578442 0.142091 0.578442 0.181812 0.578442 0.218223 0.578442 0.251324 0.578442 0.307631 0.577229 0.340732 0.571149 0.387073 0.567510 0.413554 0.561443 0.446655 0.555377 0.463206 0.543244 0.476446 0.523831 0.486376 0.505632 0.486376 0.487433 0.486376 0.465594 0.492997 0.452248 0.499617 0.440115 0.496307 0.429195 0.459895 0.425556 0.430105 0.419489 0.393693 0.418276 0.370523 0.418276 0.337422 0.418276 0.307631 0.418276 0.291080
0 0.623333 0.185122 0.629400 0.201672 0.633040 0.204983 0.626973 0.224843 0.619693 0.231463 0.618480 0.195052
0 0.770140 0.251324 0.776207 0.277840 0.776207 0.294390 0.770140 0.317561 0.770140 0.317561 0.766501 0.277840 0.766501 0.264599
0 0.690064 0.261289 0.694917 0.257944 0.707050 0.257944 0.707050 0.297700 0.703410 0.314251 0.694917 0.304321 0.693704 0.287770 0.691277 0.284460
0 0.100383 0.466516 0.110089 0.463206 0.110089 0.483066 0.110089 0.486376 0.104023 0.496307 0.101596 0.499617 0.097957 0.463206
0 0.164687 0.453275 0.173180 0.436725 0.176820 0.456585 0.176820 0.483066 0.176820 0.492997 0.171967 0.492997 0.165900 0.469826
0 0.677931 0.228153 0.671865 0.238084 0.663372 0.248014 0.667050 0.277700 0.671865 0.281150 0.677931 0.251324
