0 0.081635 0.265470 0.085670 0.276516 0.086692 0.293066 0.086692 0.312369 0.086692 0.315122 0.081635 0.317875 0.080626 0.306829 0.079604 0.298571 0.077586 0.273728
0 0.102656 0.251359 0.107714 0.262857 0.107714 0.281220 0.107714 0.299617 0.106028 0.313415 0.103499 0.318014 0.103499 0.306516 0.103499 0.292718 0.103499 0.278920 0.103499 0.267456 0.102656 0.260557
0 0.095083 0.269756 0.100140 0.276655 0.100140 0.295017 0.098455 0.308815 0.094240 0.313415 0.094240 0.301916 0.094240 0.288118 0.094240 0.272056
0 0.277752 0.270418 0.281124 0.281916 0.282810 0.293415 0.282810 0.304913 0.279438 0.307213 0.276066 0.295714 0.275223 0.284216 0.275223 0.272718
0 0.055338 0.262718 0.050319 0.281882 0.050319 0.293031 0.055338 0.306829 0.059387 0.304077 0.059387 0.293066 0.059387 0.279268
0 0.155441 0.254425 0.160498 0.262718 0.160498 0.273728 0.155441 0.290279 0.150383 0.279268 0.150383 0.265470
0 0.259591 0.265470 0.253525 0.279268 0.253525 0.304077 0.260600 0.315122 0.267676 0.315122 0.272797 0.306969 0.272669 0.287456 0.265658 0.276516
0 0.499221 0.513728 0.510345 0.505470 0.526526 0.464077 0.536641 0.425470 0.537650 0.373031 0.540677 0.304077 0.536641 0.279268 0.529553 0.259930 0.520460 0.251672 0.510345 0.237875 0.498212 0.235122 0.490128 0.235122 0.480013 0.265470 0.472937 0.290279 0.466871 0.309617 0.462822 0.334425 0.463831 0.375819 0.466871 0.422718 0.466871 0.455819 0.471928 0.472369 0.474955 0.494425 0.482031 0.508223 0.492146 0.524774
0 0.425415 0.323380 0.424406 0.309617 0.415300 0.284774 0.410243 0.284774 0.400140 0.282021 0.394061 0.295819 0.394061 0.295819 0.389017 0.290279 0.382950 0.282021 0.373844 0.287526 0.371826 0.290279 0.367778 0.279268 0.361711 0.273728 0.353627 0.279268 0.344521 0.284774 0.339464 0.290279 0.328340 0.290279 0.318238 0.298571 0.312171 0.304077 0.308123 0.304077 0.305083 0.304077 0.286845 0.320557 0.270715 0.339930 0.270715 0.356481 0.270715 0.373031 0.278799 0.392369 0.283857 0.397875 0.287905 0.419930 0.293972 0.447526 0.300038 0.466829 0.306105 0.472369 0.315198 0.483380 0.323295 0.491672 0.331379 0.499930 0.346539 0.499930 0.351596 0.499930 0.358672 0.491672 0.364751 0.488920 0.370817 0.488920 0.380920 0.494425 0.389017 0.505470 0.395083 0.513728 0.407216 0.522021 0.418340 0.524774 0.427433 0.524774 0.431481 0.516481 0.431481 0.510976 0.431481 0.488920 0.430473 0.466829 0.430473 0.458571 0.427433 0.439268 0.426424 0.422718 0.425415 0.406167 0.424406 0.384077 0.424406 0.375819 0.424406 0.364774 0.424406 0.348223
0 0.549783 0.298571 0.560907 0.306829 0.565964 0.331672 0.570000 0.359268 0.582133 0.373031 0.582133 0.403380 0.580115 0.433728 0.579106 0.453031 0.575057 0.469582 0.561916 0.472369 0.556858 0.466829 0.551801 0.453031 0.551801 0.439268 0.548774 0.417178 0.548774 0.386829 0.548774 0.359268 0.548774 0.339930 0.548774 0.317875
