0 0.261814 0.339791 0.265326 0.349373 0.267433 0.368502 0.266731 0.376167 0.261814 0.376167 0.261111 0.370418 0.260409 0.357003 0.259004 0.345540
0 0.589029 0.358920 0.580600 0.366585 0.575683 0.385749 0.571469 0.402997 0.564457 0.425993 0.562350 0.447073 0.564457 0.462369 0.570064 0.462369 0.577088 0.450906 0.586220 0.441324 0.592542 0.439408 0.608685 0.435575 0.613602 0.431742 0.626948 0.425993 0.636769 0.424077 0.645198 0.422160 0.654330 0.416411 0.660651 0.414495 0.663461 0.410662 0.671877 0.406829 0.684521 0.401080 0.695057 0.401080 0.704879 0.402997 0.715415 0.401080 0.718927 0.393415 0.715415 0.380000 0.709796 0.378084 0.702784 0.366585 0.687331 0.366585 0.681009 0.364669 0.669068 0.358920 0.660651 0.360836 0.657139 0.370418 0.653627 0.370418 0.647305 0.368502 0.638174 0.368502 0.636066 0.368502 0.628352 0.362753 0.621328 0.366585 0.612197 0.366585 0.596756 0.366585
0 0.504585 0.308815 0.513857 0.292718 0.528174 0.290418 0.538289 0.288118 0.545875 0.288118 0.554291 0.304216 0.555977 0.334111 0.556820 0.364007 0.558506 0.391568 0.558506 0.414564 0.555134 0.435261 0.545032 0.446760 0.536603 0.449059 0.523959 0.439861 0.515543 0.428362 0.510485 0.421463 0.507114 0.414564 0.505428 0.396167 0.502899 0.370906 0.501213 0.347909 0.502056 0.322613
0 0.384087 0.276655 0.389144 0.272056 0.395045 0.272056 0.400945 0.278920 0.408531 0.290418 0.412746 0.308815 0.409374 0.322613 0.401788 0.329512 0.394202 0.327213 0.389144 0.322613 0.384087 0.311115 0.384087 0.292718
0 0.630128 0.299617 0.636028 0.308815 0.642771 0.313415 0.643614 0.327213 0.638557 0.336411 0.626756 0.331812 0.626756 0.322613
0 0.447292 0.327213 0.456552 0.306516 0.464138 0.304216 0.475939 0.304216 0.484355 0.311115 0.489413 0.311115 0.491941 0.343310 0.493627 0.370906 0.492784 0.405366 0.492784 0.423763 0.486884 0.444460 0.480153 0.444460 0.470038 0.435261 0.464981 0.416864 0.457344 0.391638 0.452337 0.370906 0.446450 0.347909
0 0.406003 0.359408 0.411903 0.347909 0.419476 0.375470 0.418633 0.382369 0.409374 0.382369
0 0.341648 0.317178 0.341648 0.336341 0.347267 0.349756 0.350830 0.338328 0.348020 0.332404 0.348659 0.322997 0.344457 0.315261
0 0.432439 0.402997 0.419796 0.418467 0.412082 0.427909 0.406462 0.427909 0.395223 0.433659 0.387510 0.433659 0.376271 0.425993 0.370651 0.418328 0.351699 0.404913 0.344674 0.420244 0.339055 0.424077 0.323602 0.433659 0.313780 0.433659 0.306054 0.437491 0.309566 0.454704 0.313780 0.464286 0.320102 0.466202 0.327114 0.466202 0.336245 0.466202 0.355913 0.456620 0.357305 0.456620 0.369246 0.454704 0.376973 0.456620 0.382593 0.456620 0.391022 0.458537 0.400140 0.458537 0.405760 0.462369 0.412784 0.460453 0.421213 0.460453 0.426117 0.462369 0.432439 0.462369 0.439464 0.462369 0.442273 0.462369 0.445785 0.454704 0.447893 0.445157 0.447893 0.435575 0.447893 0.427909 0.445083 0.420244 0.442273 0.416411 0.435951 0.410662
0 0.430332 0.332125 0.428225 0.341812 0.428927 0.358920 0.434547 0.368502 0.434547 0.366585 0.434547 0.357003 0.433142 0.334042
