0 0.569298 0.408920 0.573333 0.392369 0.574355 0.370279 0.578391 0.353728 0.588506 0.345470 0.601648 0.345470 0.607714 0.378571 0.608723 0.389617 0.600639 0.408920 0.591545 0.425470 0.582439 0.433728 0.578391 0.430976 0.575364 0.425470
0 0.495479 0.069617 0.494470 0.077875 0.490421 0.094425 0.489413 0.113728 0.488404 0.149617 0.484355 0.190976 0.484355 0.215819 0.482337 0.251672 0.480332 0.284669 0.480332 0.314983 0.476245 0.350871 0.475223 0.381533 0.476245 0.406272 0.480204 0.433798 0.487356 0.439373 0.497510 0.439268 0.507612 0.428223 0.517727 0.408920 0.525811 0.386829 0.527842 0.348223 0.531877 0.320627 0.533908 0.284774 0.540983 0.240627 0.544023 0.207526 0.544023 0.171672 0.539974 0.146829 0.535926 0.133066 0.531877 0.119268 0.522784 0.108223 0.514700 0.091672 0.506603 0.080627 0.504585 0.072369
0 0.111009 0.118014 0.109400 0.113415 0.109400 0.092718 0.107714 0.081254 0.108557 0.065157 0.117829 0.076655 0.119425 0.092718 0.119425 0.111115 0.119425 0.115714
0 0.080754 0.106516 0.078148 0.097317 0.078148 0.081254 0.078148 0.065157 0.080754 0.049059 0.089183 0.067456 0.091711 0.076655 0.090026 0.092718 0.088250 0.101916
0 0.128787 0.122613 0.128787 0.113415 0.128787 0.099617 0.128787 0.083554 0.127944 0.069756 0.127944 0.069756 0.137203 0.081254 0.138889 0.088153 0.137969 0.106516 0.139732 0.122613 0.140575 0.141010 0.140575 0.143310 0.136373 0.136411 0.131315 0.131812
0 0.454023 0.425470 0.459080 0.425470 0.468186 0.386829 0.474253 0.309617 0.478289 0.207526 0.481328 0.133066 0.485377 0.077875 0.483346 0.042021 0.475262 0.025470 0.469195 0.019965 0.460089 0.011672 0.453014 0.011672 0.445939 0.011672 0.429757 0.003415 0.408531 0.011672 0.399425 0.014425 0.392350 0.014425 0.382235 0.011672 0.372120 0.011672 0.367075 0.025470 0.358978 0.039268 0.351903 0.053066 0.348876 0.088920 0.349885 0.122021 0.343819 0.102718 0.336731 0.075122 0.330664 0.047526 0.320562 0.039268 0.312465 0.039268 0.301354 0.042021 0.298314 0.072369 0.301354 0.113728 0.301354 0.144077 0.301354 0.190976 0.301354 0.232369 0.301354 0.265470 0.301354 0.309617 0.303372 0.348223 0.310447 0.373031 0.319553 0.395122 0.327637 0.400627 0.334713 0.400627 0.344828 0.400627 0.349885 0.397875 0.355951 0.386829 0.359987 0.386829 0.372120 0.397875 0.382235 0.400627 0.391341 0.397875 0.402465 0.400627 0.411558 0.414425 0.417625 0.422718 0.429757 0.428223 0.438863 0.428223 0.443921 0.428223 0.447957 0.428223
0 0.230651 0.113415 0.230651 0.104216 0.234112 0.099617 0.242529 0.118014 0.251801 0.127213 0.256858 0.120314 0.260230 0.106516 0.265287 0.101916 0.270345 0.099617 0.271941 0.085854 0.271941 0.078955 0.276117 0.065157 0.286335 0.067596 0.290473 0.092718 0.291405 0.113415 0.291405 0.159408 0.291405 0.198467 0.288033 0.232962 0.285504 0.244460 0.283819 0.269756 0.277918 0.269756 0.270345 0.237561 0.261073 0.232962 0.255172 0.260557 0.252644 0.269756 0.240843 0.269756 0.236641 0.235261 0.233269 0.198467 0.233206 0.170732 0.230779 0.157143 0.231545 0.134146
0 0.646986 0.352509 0.650358 0.343310 0.652886 0.331812 0.654572 0.324913 0.656258 0.318014 0.661303 0.318014 0.656258 0.336411 0.651201 0.347909 0.650358 0.352509
0 0.023461 0.127213 0.022529 0.113415 0.022529 0.088153 0.024215 0.069756 0.025147 0.069756 0.028429 0.083554 0.028429 0.108815 0.028429 0.122613
0 0.006603 0.129512 0.011660 0.113415 0.012503 0.083554 0.012503 0.067456 0.008289 0.060557 0.004917 0.076655 0.002388 0.090418 0.002388 0.106516 0.003231 0.124913
0 0.046207 0.122613 0.043678 0.106516 0.043678 0.090418 0.043678 0.065157 0.047893 0.058258 0.050421 0.069756 0.051175 0.095017 0.051175 0.115714
0 0.183474 0.157108 0.180179 0.150209 0.178493 0.134111 0.175964 0.111115 0.175964 0.081254 0.179259 0.065157 0.186079 0.085854 0.188608 0.104216 0.188608 0.124913
0 0.581175 0.295017 0.581175 0.283519 0.586322 0.262857 0.589604 0.249059 0.598953 0.249059 0.598953 0.265157 0.596424 0.276655 0.589604 0.288118
0 0.566092 0.228362 0.566092 0.219164 0.570307 0.198467 0.576207 0.191568 0.581175 0.212265 0.581175 0.228362 0.577050 0.249059 0.572835 0.253659 0.568621 0.242160
0 0.551775 0.164007 0.556743 0.161707 0.566858 0.175505 0.566858 0.186969 0.563563 0.203066 0.560192 0.212265 0.557663 0.216864 0.555977 0.214564 0.554291 0.182404
0 0.062222 0.161707 0.067267 0.161707 0.071520 0.145645 0.081609 0.131707 0.094253 0.131707 0.102656 0.136411 0.115223 0.159408 0.121201 0.180105 0.125326 0.196167 0.127101 0.219164 0.126258 0.246760 0.123640 0.269756 0.117829 0.290418 0.116143 0.295017 0.109400 0.301916 0.102656 0.311115 0.098455 0.311115 0.092465 0.306516 0.085811 0.295017 0.080754 0.285819 0.072286 0.279094 0.065645 0.256098 0.063091 0.235192 0.063819 0.209965 0.062222 0.186969
0 0.174278 0.205366 0.171750 0.226063 0.171750 0.265157 0.181022 0.295017 0.184393 0.318014 0.186922 0.341010 0.194508 0.354808 0.202937 0.361707 0.209668 0.364007 0.215568 0.366307 0.223997 0.366307 0.230651 0.373171 0.240013 0.368606 0.239080 0.352509 0.233269 0.329512 0.230651 0.304216 0.227369 0.269756 0.222222 0.251359 0.219783 0.230662 0.214725 0.205366 0.213040 0.200767 0.208825 0.191568 0.204623 0.189268 0.198723 0.196167 0.194508 0.200767 0.188608 0.200767 0.184393 0.200767 0.181022 0.200767
0 0.240843 0.292718 0.240843 0.308815 0.240843 0.338711 0.247586 0.352509 0.250958 0.357108 0.261073 0.370906 0.264444 0.375470 0.275402 0.386969 0.278761 0.386969 0.288033 0.375470 0.288033 0.364007 0.288033 0.341010 0.283819 0.318014 0.281290 0.304216 0.278761 0.285819 0.274559 0.269756 0.263512 0.253659 0.260230 0.255958 0.256858 0.274355 0.253410 0.283519 0.248429 0.283519
0 0.531545 0.398467 0.533231 0.384669 0.535760 0.370906 0.539132 0.354808 0.552529 0.341010 0.558506 0.380070 0.558506 0.389268 0.557663 0.403066 0.554291 0.414564 0.543346 0.407666 0.538199 0.407666
0 0.632656 0.343310 0.634342 0.331812 0.636028 0.318014 0.638557 0.301916 0.640996 0.290418 0.646986 0.301916 0.646986 0.311115 0.642771 0.320314 0.640243 0.329512 0.638557 0.334111
0 0.146475 0.152509 0.147318 0.145610 0.146475 0.118014 0.146475 0.104216 0.148084 0.081254 0.152286 0.085854 0.155747 0.108815 0.155747 0.129512 0.156501 0.150209 0.156501 0.161707 0.152286 0.164007
0 0.610754 0.345610 0.611596 0.334111 0.604853 0.338711 0.606539 0.313415 0.611596 0.311115 0.614968 0.313415 0.623384 0.331812 0.623384 0.354808 0.620026 0.359408 0.614968 0.359408
0 0.050421 0.269756 0.052107 0.258258 0.054636 0.239861 0.054636 0.216864 0.055390 0.198467 0.055390 0.186969 0.054636 0.170906 0.052950 0.166307 0.046960 0.161707 0.043678 0.164007 0.038621 0.168606 0.034406 0.168606 0.027676 0.170906 0.023461 0.170906 0.014100 0.164007 0.014100 0.161707 0.009132 0.154808 0.006603 0.152509 0.003997 0.166307 0.003997 0.193868 0.003997 0.237561 0.003997 0.258258 0.005683 0.272056 0.016718 0.278920 0.030204 0.283519 0.037778 0.283519 0.045287 0.283519
