0 0.183269 0.175958 0.184266 0.184077 0.184266 0.208920 0.189272 0.236585 0.196398 0.236516 0.196398 0.222718 0.196398 0.203380 0.194368 0.184077 0.192350 0.170279 0.188250 0.164808
0 0.014393 0.253066 0.022478 0.258571 0.031584 0.261324 0.041686 0.275122 0.050792 0.283380 0.058876 0.297178 0.062925 0.302718 0.067982 0.302718 0.071009 0.291672 0.076066 0.286167 0.081124 0.277875 0.081124 0.264077 0.076066 0.233728 0.066973 0.217178 0.056858 0.211672 0.048774 0.206167 0.040677 0.200627 0.028544 0.192369 0.019451 0.186829 0.005287 0.192369 0.004278 0.222718 0.007318 0.247526
0 0.525006 0.200627 0.531073 0.189617 0.542197 0.200627 0.539157 0.236516 0.535121 0.242021 0.528046 0.230976
0 0.394572 0.079268 0.399630 0.068223 0.411762 0.068223 0.428953 0.087526 0.427944 0.117875 0.423895 0.123415 0.411762 0.128920 0.402656 0.123415 0.397612 0.117875 0.392554 0.098571
0 0.389515 0.200627 0.385479 0.211672 0.385479 0.250279 0.380421 0.286167 0.376373 0.302718 0.375364 0.327526 0.379413 0.355122 0.387497 0.363380 0.397612 0.363380 0.404687 0.368920 0.416820 0.368920 0.435019 0.366167 0.448161 0.366167 0.460294 0.352369 0.470409 0.335819 0.477484 0.308223 0.483550 0.294425 0.487599 0.266829 0.490626 0.219965 0.486590 0.200627 0.484559 0.195122 0.471418 0.181324 0.465351 0.175819 0.459285 0.167526 0.452209 0.167526 0.440077 0.178571 0.435019 0.192369 0.430971 0.200627 0.418838 0.214425 0.416820 0.214425 0.404687 0.208920 0.398621 0.203380
0 0.530064 0.407526 0.534112 0.393728 0.538148 0.368920 0.538148 0.344077 0.538148 0.313728 0.544215 0.286167 0.548263 0.261324 0.553321 0.230976 0.566462 0.222718 0.578595 0.242021 0.586692 0.253066 0.598825 0.266829 0.602861 0.269617 0.604891 0.277875 0.599834 0.302718 0.592759 0.319268 0.583653 0.338571 0.577586 0.355122 0.570511 0.374425 0.562414 0.390976 0.556347 0.399268 0.552312 0.402021 0.540179 0.410279
0 0.200434 0.170279 0.205492 0.150976 0.211558 0.134425 0.222682 0.139965 0.227739 0.142718 0.232797 0.131672 0.239872 0.128920 0.241890 0.173066 0.246948 0.217178 0.252005 0.244774 0.252005 0.280627 0.246948 0.291672 0.237854 0.291672 0.231788 0.275122 0.222682 0.255819 0.215607 0.230976 0.209540 0.208920
0 0.139770 0.261324 0.144828 0.244774 0.151903 0.236516 0.164036 0.250279 0.169093 0.258571 0.175160 0.280627 0.178186 0.297178 0.177178 0.316481 0.172120 0.327526 0.163027 0.322021 0.159987 0.310976 0.154943 0.297178 0.145849 0.278049
0 0.083142 0.139965 0.085172 0.106864 0.097305 0.098571 0.109438 0.112369 0.121571 0.128920 0.130664 0.156516 0.133704 0.181324 0.128608 0.206272 0.124649 0.209059 0.118531 0.197875 0.111456 0.178571 0.104381 0.173066 0.094266 0.156516
0 0.029553 0.170279 0.029553 0.139965 0.036641 0.123415 0.044725 0.120627 0.063934 0.139965 0.068991 0.145470 0.064943 0.164774 0.058876 0.175819 0.046743 0.178571 0.038659 0.173066
0 0.263129 0.142718 0.271213 0.106864 0.280319 0.084774 0.292452 0.073728 0.305594 0.079268 0.323793 0.090279 0.334917 0.106864 0.346041 0.137178 0.357165 0.173066 0.364240 0.217178 0.366258 0.269617 0.366258 0.299930 0.365249 0.308223 0.354125 0.322021 0.348059 0.327526 0.340983 0.327526 0.324802 0.324774 0.304585 0.291672 0.290421 0.277875 0.275262 0.239268 0.266156 0.222718 0.266156 0.183972
0 0.079106 0.181324 0.088199 0.170279 0.097318 0.192334 0.106398 0.214425 0.104381 0.230976 0.096296 0.236516 0.090230 0.230976 0.087190 0.219965 0.083142 0.203380
0 0.168084 0.101324 0.175160 0.090279 0.177178 0.095819 0.181226 0.109617 0.181226 0.137178 0.176169 0.134425 0.170102 0.126167
