0 0.118429 0.274251 0.119132 0.260871 0.120536 0.249373 0.123346 0.237875 0.126858 0.232125 0.132478 0.226376 0.133180 0.245540 0.128263 0.264669 0.125453 0.274251 0.123346 0.281916
0 0.268697 0.299164 0.265888 0.283833 0.268697 0.270418 0.273614 0.262753 0.275722 0.272334 0.275019 0.293415 0.274317 0.297247
0 0.046105 0.379617 0.045402 0.354739 0.048914 0.322160 0.055236 0.302997 0.062261 0.299164 0.069285 0.299164 0.069987 0.320244 0.067178 0.339408 0.060153 0.379617 0.058748 0.381533 0.053831 0.383449
0 0.003282 0.381533 0.013806 0.371951 0.021533 0.354739 0.027854 0.333659 0.032771 0.304913 0.027854 0.299164 0.018723 0.299164 0.012401 0.299164 0.003282 0.306829 0.004687 0.345157 0.005390 0.362369
0 0.088940 0.281916 0.089642 0.266585 0.093857 0.243624 0.096667 0.232125 0.102286 0.228293 0.100179 0.249373 0.098774 0.268502 0.098072 0.281916 0.093155 0.289582
0 0.613461 0.590348 0.618378 0.573101 0.628212 0.565436 0.638736 0.563519 0.647867 0.555854 0.649272 0.542474 0.645760 0.521394 0.639438 0.494564 0.632427 0.477317 0.621188 0.461986 0.609949 0.446690 0.596616 0.442857 0.580460 0.435192 0.571328 0.439024 0.553780 0.454321 0.538327 0.454321 0.526398 0.458153 0.513052 0.440941 0.498301 0.423693 0.496194 0.423693 0.482861 0.417944 0.456181 0.400697 0.449860 0.398780 0.439323 0.385366 0.421775 0.373868 0.418263 0.373868 0.400000 0.375784 0.386667 0.375784 0.378940 0.377700 0.371213 0.377700 0.362082 0.385366 0.359974 0.385366 0.353665 0.375784 0.343831 0.360453 0.334700 0.348990 0.326973 0.348990 0.322056 0.348990 0.315045 0.350906 0.312937 0.352822 0.306616 0.368118 0.300996 0.368118 0.296782 0.347073 0.286258 0.322160 0.277126 0.320244 0.272209 0.320244 0.260971 0.320244 0.243423 0.318328 0.239208 0.324077 0.235696 0.337491 0.233589 0.358537 0.225862 0.383449 0.217433 0.410279 0.213231 0.433275 0.204802 0.460070 0.201992 0.465819 0.201290 0.477317 0.203397 0.492648 0.213934 0.498397 0.222350 0.498397 0.237803 0.498397 0.255351 0.509895 0.265888 0.513728 0.284151 0.515645 0.308020 0.529059 0.327676 0.529059 0.345939 0.529059 0.371916 0.538641 0.394381 0.544390 0.411239 0.546272 0.430894 0.550105 0.443538 0.553937 0.467407 0.565436 0.477241 0.567352 0.492695 0.567352 0.520077 0.571185 0.532005 0.575017 0.550971 0.582683 0.570626 0.590348 0.592401 0.594181 0.607842 0.596098
0 0.741954 0.471568 0.746871 0.461986 0.747573 0.444774 0.749681 0.425610 0.751086 0.419861 0.760217 0.423693 0.767944 0.425610 0.775658 0.461986 0.774955 0.483066 0.770754 0.496481 0.765134 0.509895 0.758812 0.521394 0.754598 0.529059 0.748978 0.532892 0.743359 0.536725 0.740549 0.532892 0.739144 0.509895 0.739144 0.486899
0 0.771456 0.511812 0.766539 0.527143 0.765837 0.542474 0.767241 0.552021 0.772158 0.552021 0.781277 0.548188 0.786194 0.542474 0.788301 0.534808 0.786897 0.519477 0.784087 0.517561 0.776360 0.517561
0 0.685083 0.456237 0.692107 0.452404 0.701239 0.446690 0.708953 0.446690 0.718787 0.456237 0.718787 0.461986 0.721596 0.465819 0.730026 0.469652 0.734240 0.481150 0.734943 0.515645 0.735645 0.529059 0.729323 0.548188 0.721596 0.559686 0.716679 0.563519 0.707548 0.565436 0.699132 0.544390 0.700536 0.517561 0.701941 0.506063 0.695619 0.494564 0.687893 0.483066 0.683678 0.465819
0 0.642248 0.488815 0.646462 0.469652 0.647867 0.452404 0.652082 0.439024 0.657701 0.423693 0.661916 0.435192 0.665428 0.452404 0.668927 0.465819 0.676654 0.475401 0.680868 0.477317 0.685083 0.490732 0.689298 0.509895 0.692107 0.534808 0.692107 0.550105 0.687190 0.559686 0.677356 0.563519 0.673844 0.561603 0.667535 0.553937 0.661213 0.542474 0.658404 0.530976 0.658404 0.515645 0.658404 0.515645 0.652784 0.507979 0.645760 0.504146
0 0.359272 0.324077 0.358570 0.312578 0.358570 0.297247 0.358570 0.280000 0.367050 0.268641 0.374074 0.278049 0.376833 0.301080 0.376130 0.312578 0.374725 0.316411 0.368404 0.324077 0.365594 0.324077
0 0.514457 0.394948 0.514457 0.383449 0.521456 0.379791 0.526398 0.387282 0.526398 0.406446 0.522184 0.416028 0.518672 0.421777 0.514457 0.414111
0 0.288352 0.283833 0.287650 0.266585 0.291865 0.262753 0.298186 0.262753 0.298889 0.283833 0.296782 0.289582 0.291865 0.289582
0 0.300996 0.318328 0.301699 0.297247 0.301699 0.283833 0.305913 0.266585 0.312261 0.283972 0.311533 0.316411 0.310830 0.343240 0.308723 0.362369 0.305211 0.377700 0.298186 0.381533 0.296079 0.358537 0.298186 0.335575
0 0.805862 0.473484 0.806564 0.469652 0.806564 0.458153 0.811469 0.448606 0.816386 0.448606 0.822005 0.458153 0.821303 0.473484 0.820600 0.479233 0.819195 0.488815 0.813576 0.494564 0.806513 0.485017
0 0.357867 0.375784 0.357867 0.364286 0.359974 0.354739 0.366296 0.339408 0.376130 0.347073 0.378238 0.354739 0.376130 0.368118 0.371916 0.371951 0.364891 0.373868
0 0.432299 0.333659 0.433001 0.327909 0.442133 0.324077 0.444943 0.327909 0.442835 0.343240 0.440728 0.348990 0.436513 0.354739 0.434406 0.352822
0 0.088940 0.414111 0.092452 0.387282 0.097369 0.362369 0.098774 0.350906 0.102286 0.320244 0.106501 0.312578 0.114215 0.302997 0.119834 0.310662 0.119834 0.337491 0.117727 0.360453 0.114917 0.375784 0.110013 0.385366 0.104393 0.393031 0.099476 0.402613 0.093857 0.414111
0 0.178825 0.258955 0.180204 0.243554 0.184432 0.232125 0.191456 0.226376 0.194968 0.243624 0.192861 0.262753 0.192158 0.268502 0.189349 0.276167 0.185837 0.278084 0.182337 0.270418
0 0.116322 0.416028 0.121941 0.387282 0.122644 0.371951 0.124751 0.350906 0.125453 0.333659 0.127561 0.316411 0.135287 0.304913 0.145824 0.314495 0.145824 0.331742 0.144419 0.360453 0.139502 0.393031 0.132478 0.404530 0.125453 0.410279 0.121239 0.416028
0 0.159860 0.289582 0.159157 0.274251 0.159157 0.255122 0.163372 0.239791 0.166884 0.228293 0.169693 0.222544 0.169693 0.232125 0.167586 0.249373 0.165479 0.262753 0.165479 0.278084 0.163372 0.287666
