0 0.283078 0.458780 0.286590 0.449199 0.290690 0.455575 0.294202 0.465157 0.294777 0.479512 0.291852 0.481115 0.289515 0.477944 0.286003 0.468362
0 0.382554 0.425261 0.385479 0.418850 0.392503 0.407700 0.397190 0.413937 0.394840 0.423659 0.393665 0.433240 0.394840 0.449199 0.396015 0.457178 0.391916 0.452404 0.388404 0.444390 0.383729 0.434843
0 0.267280 0.447596 0.272542 0.452404 0.274330 0.462021 0.277229 0.469930 0.277229 0.485923 0.275479 0.485923 0.272542 0.474739 0.269617 0.466760 0.266692 0.457178
0 0.249732 0.466760 0.247969 0.452404 0.249732 0.447596 0.256169 0.457178 0.259668 0.471533 0.260255 0.481115 0.260843 0.489094 0.257331 0.492300 0.256194 0.487456 0.252107 0.476307
0 0.364470 0.461150 0.362720 0.446794 0.365645 0.437213 0.371494 0.430836 0.377931 0.435610 0.382031 0.450000 0.382618 0.457979 0.382618 0.465958 0.378519 0.472334 0.373244 0.472334 0.368570 0.472334
0 0.340026 0.487213 0.339183 0.478014 0.346769 0.452718 0.352656 0.448118 0.359400 0.459617 0.362771 0.480314 0.369515 0.491812 0.375415 0.494111 0.383844 0.494111 0.391418 0.494111 0.399004 0.487213 0.407433 0.494111 0.411648 0.501010 0.410805 0.514808 0.406590 0.521707 0.402375 0.528571 0.394789 0.535470 0.388046 0.535470 0.377101 0.521707 0.372886 0.519408 0.367829 0.514808 0.361086 0.514808 0.354342 0.510209 0.345926 0.501010
0 0.149681 0.459582 0.153576 0.455575 0.157484 0.455575 0.158455 0.466237 0.158940 0.467561 0.156015 0.470209 0.151622 0.466237
0 0.358378 0.383728 0.360332 0.382404 0.362771 0.382404 0.363257 0.393066 0.362273 0.398362 0.360332 0.398362 0.357407 0.393066
0 0.406641 0.402091 0.406590 0.388362 0.408276 0.379164 0.416731 0.365505 0.422605 0.381533 0.425964 0.404460 0.419234 0.409059 0.419234 0.429721 0.419234 0.459617 0.417548 0.473415 0.414176 0.441220 0.409962 0.436620 0.404853 0.422997
0 0.441137 0.376864 0.439451 0.340070 0.441980 0.303310 0.447037 0.284913 0.461354 0.261916 0.483269 0.259617 0.500958 0.271115 0.518646 0.314634 0.525402 0.353868 0.530447 0.427456 0.532976 0.459617 0.525402 0.487213 0.517752 0.512544 0.506015 0.519408 0.495900 0.528571 0.484930 0.544599 0.473155 0.517108 0.467254 0.494111 0.457139 0.459617 0.448723 0.434321 0.444508 0.413659
