0 0.434649 0.237805 0.434649 0.260767 0.438863 0.309059 0.441392 0.343519 0.446450 0.380314 0.448978 0.401010 0.454023 0.419408 0.460766 0.430871 0.464981 0.430871 0.466667 0.419408 0.470881 0.403310 0.477625 0.398711 0.482682 0.398711 0.489413 0.380314 0.489413 0.359617 0.486884 0.334355 0.486884 0.311359 0.486884 0.288362 0.486884 0.253868 0.483525 0.230906 0.477625 0.217108 0.471724 0.217108 0.464138 0.214808 0.457395 0.212509 0.451494 0.212509 0.443078 0.212509 0.437178 0.217108
0 0.275390 0.476864 0.278761 0.458467 0.282133 0.446969 0.287190 0.435470 0.292248 0.419408 0.300677 0.403310 0.313308 0.396411 0.323423 0.403310 0.338595 0.419408 0.345326 0.428606 0.356284 0.458467 0.362184 0.504460 0.362184 0.522857 0.353755 0.527422 0.345326 0.527422 0.337752 0.522857 0.328480 0.511359 0.319208 0.518258 0.311622 0.518258 0.298148 0.513659 0.294777 0.511359 0.283819 0.511359 0.280447 0.511359 0.270345 0.488362
0 0.376513 0.449268 0.384087 0.433171 0.394202 0.446969 0.401788 0.460767 0.411903 0.483763 0.416105 0.509059 0.410217 0.518258 0.398416 0.513659 0.393359 0.506760 0.384930 0.492962 0.379872 0.483763 0.376513 0.469965
0 0.563563 0.440070 0.566092 0.417108 0.566092 0.401010 0.560192 0.380314 0.563563 0.359617 0.568621 0.343519 0.571149 0.325157 0.573678 0.311359 0.575364 0.297561 0.582107 0.265366 0.585479 0.263066 0.588838 0.295261 0.587165 0.341220 0.587165 0.371115 0.585479 0.401010 0.577050 0.421707 0.572835 0.426307 0.568621 0.437770
0 0.272031 0.398711 0.270345 0.378014 0.270345 0.350418 0.274559 0.336620 0.282133 0.345819 0.282976 0.384913 0.282133 0.398711 0.274559 0.403310
0 0.395045 0.309059 0.397573 0.292962 0.403474 0.263066 0.408531 0.281463 0.408531 0.295261 0.416948 0.313659 0.422848 0.357317 0.425377 0.384913 0.428748 0.426307 0.428748 0.444669 0.425377 0.440070 0.421162 0.419408 0.416105 0.387213 0.410217 0.350418 0.408531 0.334355 0.406003 0.327456 0.399259 0.327456
0 0.318365 0.329756 0.318365 0.304460 0.321737 0.292962 0.328480 0.292962 0.331852 0.318258 0.332695 0.332056 0.328480 0.352718 0.325109 0.364216 0.321737 0.359617
0 0.132158 0.527456 0.132158 0.509059 0.133001 0.495261 0.135530 0.481463 0.139732 0.469965 0.146475 0.467666 0.150690 0.497561 0.150690 0.515958 0.142261 0.529721 0.138889 0.529721
0 0.231584 0.428571 0.229898 0.417108 0.229898 0.391812 0.230741 0.378014 0.236641 0.371115 0.240013 0.387213 0.242529 0.414808 0.242529 0.426307 0.240843 0.437770 0.235798 0.437770
0 0.364713 0.373415 0.358812 0.359617 0.356284 0.334355 0.354598 0.309059 0.356284 0.292962 0.362184 0.297561 0.368927 0.320557 0.376513 0.332056 0.381558 0.355017 0.383244 0.405610 0.380715 0.417108 0.373142 0.401010 0.370613 0.389512
0 0.621699 0.430906 0.624227 0.421707 0.625070 0.394111 0.627599 0.368815 0.631814 0.343519 0.634342 0.338920 0.640243 0.345819 0.641928 0.380314 0.638557 0.401010 0.636028 0.417108 0.631814 0.433171
0 0.598110 0.430906 0.598110 0.412509 0.598953 0.396411 0.600639 0.375714 0.601481 0.361916 0.603167 0.345819 0.608174 0.313589 0.618391 0.329617 0.614943 0.366551 0.610754 0.401010 0.609911 0.412509 0.604853 0.426132
